1.0437086210524626 -0.13076736676728212 1
2.1072148459047173 -0.12052749754544032 1
3.3947428212678465 -0.0341362859482171 1
4.579761142281401 0.07831607991730077 1
5.728098074474262 0.21517648619683113 1
6.764956756030766 0.3410519497783071 1
7.949853996797998 0.5132490149924799 1
9.094798355735717 0.6889437019729807 1
10.188003302381226 0.784424861705367 1
11.239132457776428 0.8758543007202847 1
12.274965652659134 0.9346929330721755 1
13.430123627293383 1.006824473645974 1
14.441386403694993 1.0929859640121942 1
15.5013181991021 1.1768490425363605 1
16.60646832243874 1.2361276361334752 1
17.79200160015904 1.3072225225584657 1
18.95040150525118 1.3831457906172446 1
20.02636473497431 1.4452694612174042 1
21.057349386087207 1.5623468352687102 1
22.136871561618094 1.6326350019119693 1
23.226452214820284 1.6851821079947498 1
24.303918225424702 1.7587367089283195 1
25.34925601722753 1.8519169271422449 1
26.381325373963197 1.9710865258098684 1
27.3868642155446 2.0623310263594186 1
28.610088501444142 2.220820395991176 1
29.78206065903462 2.3749552072918507 1
30.96106622679016 2.4974283344923003 1
32.16209491624484 2.610905085024329 1
33.23797558599571 2.7054055874800578 1
34.42517043723643 2.743365445146337 1
35.59144182983612 2.8315950761841626 1
36.68489150416799 2.9171695112178364 1
37.819336947738165 2.893362989711343 1
39.02298170563872 2.87707048246682 1
40.1857131140188 2.942545363699622 1
41.30597507925047 3.017964684178943 1
42.37902430407024 3.142576379436873 1
43.398047952016505 3.2142640960707314 1
44.4102306412799 3.2959443307720218 1
45.653640640446135 3.4390689914418178 1
46.826929579287025 3.5647926168972996 1
47.952093385196385 3.653941220334465 1
49.02532935695326 3.7678402439515795 1
50.21253801242743 3.9590451088630894 1
51.21586313568587 4.025488537455358 1
52.34423021960983 4.1254183036167476 1
53.47051469451964 4.234082632988346 1
54.52162291186931 4.322021479414592 1
55.6485798045035 4.418021083760974 1
56.75421875225173 4.495509529735392 1
57.898440135511024 4.501565510191755 1
58.906651512035175 4.55635502831998 1
59.92075230675981 4.639293383560214 1
61.012493005214424 4.7246551213630035 1
62.05843222278568 4.815312015776271 1
63.084385068435694 4.964312310056004 1
64.0860911667536 5.014598083783685 1
65.15262286366779 5.0680447176611985 1
66.29521294400028 5.171281808388825 1
67.37659680954523 5.236614681669499 1
68.54901688197702 5.316246369675361 1
69.61015365028997 5.395645589566422 1
70.66750635535392 5.464877625374301 1
71.7332222638264 5.525246867619331 1
72.88323203057858 5.610934221628639 1
73.88767960260974 5.658866272043068 1
75.00239761552784 5.68935458074864 1
76.08068289237828 5.795304045985559 1
77.184659954488 5.855195575415021 1
78.26279533960351 5.892620918830061 1
79.29555647519014 5.947940928589322 1
80.39163028445816 5.994972198635635 1
81.45429568666708 6.099022684329399 1
82.49908344017533 6.229070848470254 1
83.49706157899755 6.314859712420732 1
84.59587382760704 6.442471428776457 1
85.60579849422452 6.510781781633892 1
86.66943023666227 6.610036570561019 1
87.78076287590473 6.714210063260766 1
88.80493018434751 6.811316857340554 1
89.81968930182416 6.917765301532837 1
90.9261755447076 6.949328455765884 1
91.93320119553279 7.023318632958637 1
92.94531448135855 7.096661270394722 2
93.98461536201451 7.228555515214254 2
95.1384025288279 7.296124196476444 2
96.2298943520133 7.356649044211603 2
97.30553823513489 7.391665200630745 2
98.41419351020065 7.31395181457507 2
99.4350396217936 7.291287900135952 2
100.52181264655736 7.317395395778388 2
101.64324126286456 7.268055658326388 2
102.83197328914656 7.218684912104974 2
104.05885105693221 7.100545744930778 2
105.12156740911328 6.7253147612381765 2
106.08084939214699 6.418920226791766 2
107.0018194793473 5.9367528094415105 2
107.80717377917982 5.288753785927704 2
108.75469696685417 4.750424910214496 2
109.57301999565574 4.17514766313852 2
110.4651242957855 3.5539906772703973 2
111.24391455567991 2.873895260293577 2
111.80643794666582 2.0352552872863394 2
112.4005459107323 1.1416284943137687 2
112.83501535862867 0.21772523800452548 2
113.33277358410717 -0.8132949763818306 2
113.66539935978484 -1.8047975870762758 2
113.84769618042783 -2.8296116846255943 2
114.07179534008839 -3.9163187735322795 2
114.02127502172506 -5.004802501076089 2
114.09906991997543 -6.007601314909133 2
114.19532873757382 -7.128156298175707 2
114.38046994895412 -8.114956196063584 2
114.41382620130508 -9.244632118890824 2
114.4491538353408 -10.323152968523015 2
114.39868611446104 -11.401170865074462 2
114.39590846115496 -12.469512411323278 2
114.40122778220349 -13.605127851249335 2
114.40487610345812 -14.70175239479336 2
114.50691763328294 -15.719627687992988 2
114.60049136671843 -16.824233437206466 2
114.78776077758974 -17.85022038337771 2
114.88777331690876 -18.897068555956366 2
115.03948574483506 -19.968285099275306 2
115.17128885172191 -21.041101322200667 2
115.25297436665984 -22.08585867077884 2
115.33994978450701 -23.135687358673092 2
115.45156041262906 -24.223015550665416 2
115.53397231741224 -25.296472428718157 2
115.66698552392401 -26.43646604858422 2
115.7539052875896 -27.546781483702425 2
115.82192370238653 -28.631941047747286 2
115.88073518448468 -29.650385434474163 2
115.96887735060442 -30.791712480992512 2
116.11181766901865 -31.872957448568386 2
116.20764730698201 -32.88256058630456 2
116.32558544318495 -34.004918150943006 2
116.39464331759476 -35.02604039127996 2
116.51591616082852 -36.15208599519128 2
116.61561066146153 -37.34001592230378 2
116.68539973760241 -38.41596564631236 2
116.76785430974797 -39.56869045630294 2
116.81829875409086 -40.69851686926742 2
116.8965407820469 -41.73526173510601 2
116.98601759351398 -42.86624099040047 2
117.00547855257506 -43.91619241755318 2
117.06337949215056 -44.976434914067575 2
117.0992710516934 -46.01510641111861 2
117.16248253801903 -47.17803677486663 2
117.31930272903925 -48.17876309524451 2
117.47626859702535 -49.3188097819081 2
117.59336744939903 -50.318906511273674 2
117.6923000629534 -51.391955125882205 2
117.85128495015884 -52.40727177411007 2
117.96856089727514 -53.54988711353976 2
118.07945336203963 -54.631998885799035 2
118.18598966953891 -55.65777859717128 2
118.26659123385103 -56.798383514404776 2
118.36572346576952 -57.812426771095545 2
118.44257664578575 -58.92186062409505 2
118.47832095334245 -60.086913859177464 2
118.53741996854112 -61.246503096594616 2
118.60053482553585 -62.34055035265363 2
118.71389346581111 -63.34363919963506 2
118.81891268399086 -64.41329893331043 2
118.9090034371589 -65.45348648261134 2
118.9734306711761 -66.48575194128276 2
119.06857032324491 -67.51171390394975 2
119.17771937157713 -68.65183837660565 2
119.25973134069403 -69.70906092458202 2
119.37046088185616 -70.7690563100386 2
119.46429021409544 -71.77536822720995 2
119.69065052266758 -72.7912257923233 2
119.83873916991654 -73.82893455009196 2
120.03107962029652 -74.86900820138247 2
120.2101435969672 -75.87935569458747 2
120.41143812464556 -76.94020422900051 2
120.61624610932165 -77.96779398825241 2
120.82323416000703 -78.9856989646849 2
121.00770449451382 -80.08018333219066 2
121.18822823801756 -81.0656347592495 2
121.3821638199452 -82.10276643279748 2
121.58512228746845 -83.08694685692008 2
121.87507133079013 -84.0551205530714 2
122.18038814141502 -85.15721159977558 2
122.52102367776779 -86.26346195510723 2
122.81655289511276 -87.30773855377478 2
123.12293831680522 -88.26114073166877 2
123.56400962509537 -89.31551151716525 2
124.08806981683011 -90.40379277891226 2
124.4995902338193 -91.40259835333 2
125.02163619287451 -92.46098341469339 2
125.46970037087314 -93.38645710731983 2
126.01226602774649 -94.33730244781242 3
126.5166523900756 -95.27722600630877 3
127.03224939084488 -96.1817533473926 3
127.61464403587857 -97.1373094462985 3
128.25627614367627 -98.09578606697923 3
128.8902518908751 -98.93304214677427 3
129.51441013524163 -99.81180431981663 3
130.11480199482685 -100.6630394438777 3
130.82683622906129 -101.53886851768746 3
131.45879238498088 -102.37125429295097 3
132.168340804659 -103.2199097727409 3
132.90851176895762 -104.08297156288268 3
133.67149866467352 -104.8972204422059 3
134.38731494645015 -105.62479719120542 3
135.23786556187545 -106.41880179584558 3
135.99122140972236 -107.16025944786551 3
136.8190253592161 -107.73662781083738 3
137.6664241826434 -108.38432910717671 3
138.48548385986433 -108.9677480513921 3
139.34925961297364 -109.6633432540209 3
140.20646911654185 -110.39541208779087 3
141.05779253980822 -111.09220504705226 3
141.92226899931572 -111.7405382766114 3
142.76680352025215 -112.27774286703233 3
143.6935655961207 -112.84614294647545 3
144.56541158579574 -113.37033057341908 3
145.42092559047094 -113.92111620613593 3
146.27294603420677 -114.45652533598728 3
147.2448066795819 -115.00348827519102 3
148.27131697536274 -115.54224388317257 3
149.21117456600442 -116.07389523500032 3
150.15083885562748 -116.54481647154955 3
151.21213939184622 -117.0363063427985 3
152.32835067884014 -117.47999638433927 3
153.3180888003462 -117.85498607122594 3
154.3258087950425 -118.15990025768441 3
155.30431897227376 -118.42301226258039 3
156.36295495906796 -118.7570440892938 3
157.3816457686491 -119.0027381005701 3
158.39579638517478 -119.31077721055388 3
159.43718522372913 -119.46200878255749 3
160.45064207996577 -119.6847976202556 3
161.44598362855913 -119.90642415800087 3
162.51748655380428 -120.06925431621977 3
163.52178726458155 -120.2414016137431 3
164.58685473403693 -120.38636897435799 3
165.58109355593444 -120.525944443678 3
166.5987369424746 -120.61099102157934 3
167.62276533183282 -120.677991073429 3
168.62401729730016 -120.77416906857746 3
169.72504359600507 -120.86709445072367 3
170.80231058143838 -120.94004238590426 3
171.9805487292211 -120.95724855573808 3
173.06554026359652 -120.98248149382886 3
174.10879623971397 -120.94978099503417 3
175.20477001680752 -120.91369470738219 3
176.23546451768672 -120.88158123650167 3
177.31003538522725 -120.73586866554614 3
178.31344463001412 -120.61182529555681 3
179.35047045300192 -120.50514016294363 3
180.36431837017585 -120.36745505369194 3
181.35753706917762 -120.23282316748795 3
182.42550709824755 -120.06830695870126 3
183.42628458517626 -119.86712868202157 3
184.46725526395468 -119.70472008699285 3
185.4894090045411 -119.53666864517494 3
186.52943653441773 -119.36246136791222 3
187.53949546347965 -119.20498473740595 3
188.53651994461583 -119.0633090471386 3
189.6134641228959 -118.90153418698436 3
190.70236049532585 -118.72054147306346 3
191.7538525636323 -118.51192345840576 3
192.77124576929333 -118.26136825403948 3
193.7498965645473 -118.00849045163183 3
194.7558338772033 -117.76394405763907 3
195.76298448704955 -117.50149162841787 3
196.85134686197966 -117.20802980901115 3
197.85307495367843 -116.91765967007163 3
198.90274963772322 -116.58794686376375 3
199.88836394446503 -116.25517825097772 3
200.84532315793032 -115.91878368382271 3
201.8333844930055 -115.5431543365695 3
202.77892969952407 -115.1900782116841 3
203.77083666650933 -114.78918737680947 3
204.75606532224495 -114.37176488843491 3
205.6703724178285 -113.9523164922364 3
206.60240137769532 -113.54154495587962 3
207.50915706059737 -113.09117289564283 3
208.48751154880742 -112.61098411418854 3
209.44757785203353 -112.13587444673634 3
210.40702613389945 -111.65117301382276 3
211.36719894106608 -111.15087969587358 3
212.33711637772993 -110.60233523677239 3
213.3004793389475 -110.05098002301591 3
214.1921616347658 -109.56415475709576 3
215.14558637489006 -109.04162035726209 3
216.0606799229746 -108.56818967309552 3
216.94684065120848 -108.09160121160556 3
217.92650995680285 -107.56258259978999 3
218.92781304353363 -107.05597910904974 3
219.84122634442116 -106.55108331078564 3
220.74662868116383 -106.01745621988846 3
221.6578188109418 -105.52389716946576 3
222.62255951425897 -105.01161569374447 3
223.57847766101958 -104.48179865789797 3
224.4982722336797 -103.96899936789109 3
225.36464562017193 -103.44919730159826 3
226.27734333624932 -102.86480140950809 3
227.18439001745742 -102.20874042847349 3
228.07020262714508 -101.63446479628644 3
228.98568340430484 -101.11470138670823 3
229.92198811720888 -100.6776018346299 3
230.83028421117908 -100.17583050420463 3
231.7561934130058 -99.62845309665853 3
232.75387282844085 -99.14088002314341 3
233.6243154011955 -98.62970300007034 3
234.54028909368984 -98.09812139713871 3
235.42593828009925 -97.48109829564478 3
236.33648453231254 -96.8974836131125 3
237.21860358012162 -96.31873831363508 3
238.06684689057306 -95.75481893373001 3
238.97960122880409 -95.14604312933902 3
239.86203699099278 -94.55276781466009 3
240.7621259656789 -93.93050251230041 2
241.75420210434814 -93.32078758422932 2
242.62053551132163 -92.74913052221868 2
243.49741073732167 -92.16848188170918 2
244.3545961354132 -91.60664690840693 2
245.30648670911083 -91.0863577988715 2
246.19466181604042 -90.54673194878399 2
247.07549799493052 -89.97766570906367 2
247.77453458502302 -89.24880218064506 2
248.67284442444196 -88.71707854605978 2
249.52357902483396 -88.13997512923734 2
250.4815253729466 -87.59312289153567 2
251.40854750451982 -86.96535600294152 2
252.27933284924788 -86.41005092475653 2
253.13681813380947 -85.84227639001703 2
254.0218503123859 -85.34594487540879 2
254.9668220092039 -84.70419490213021 2
255.95782585454694 -84.03523202677381 2
256.9068309984529 -83.53773557773941 2
257.8348154681178 -83.02147584597384 2
258.88324603143883 -82.44182748437406 2
259.8492433400501 -81.97974247582297 2
260.8927820802267 -81.50019273966613 2
262.02058931220506 -81.15149930103594 2
262.9931818988902 -80.84812867484813 2
264.02937085987406 -80.58218194708178 2
265.1854926358463 -80.7083074766919 2
266.19203820670606 -80.95143931902899 2
267.21026292927456 -81.24401730973403 2
268.2633545621145 -81.65906224939062 2
269.04806818930706 -82.4554193077607 2
269.62740870938285 -83.39634802533583 2
270.0527614583484 -84.37260099529884 2
270.1582106054107 -85.43969965470481 2
269.9972116903789 -86.58095207775969 2
269.3343540516462 -87.41459403114733 2
268.35548183044295 -87.98600797897008 2
267.4745788937249 -88.74674655662076 2
266.6624910389045 -89.3912561862831 2
265.6824329382322 -90.05351761353461 2
264.8707379534745 -90.68321681475398 2
263.9679196893988 -91.1465192018572 2
263.00062355308137 -91.72025717537011 2
262.0765825134536 -92.25490776625566 2
261.13079288286355 -92.82724241324081 2
260.09844620444215 -93.41568832658601 2
259.2287692703909 -93.97980441936434 2
258.2522036044628 -94.60809715631143 3
257.3104048859174 -95.22615886783147 3
256.39775909489157 -95.8426351549433 3
255.5188562762936 -96.48421563435484 3
254.61409911777554 -97.12602691213682 3
253.75851120106498 -97.83063486422897 3
252.85230677891698 -98.42128044689409 3
251.50263013069565 -99.2170181999872 3
250.60141412518107 -99.82636869797878 3
249.7698031886166 -100.38207887841827 3
248.93747765139895 -100.95478916259064 3
247.95184234899315 -101.47276924406081 3
247.0900649923084 -102.06391185222171 3
246.20874848046205 -102.55986387096215 3
245.36464521444012 -103.10497313514766 3
244.43254871017228 -103.72857256065679 3
243.16582248272138 -104.59626954685434 3
242.0637472152383 -105.39802261750167 3
241.07055279778874 -106.02840985650641 3
240.11863377180927 -106.60563582534257 3
239.144316998511 -107.23953666810493 3
238.23030152823955 -107.87559944662027 3
237.31317019162407 -108.46694270331385 3
236.47486057566255 -109.05166850514048 3
235.62319313461884 -109.61510160357167 3
234.7021152623648 -110.20888428812344 3
233.85848290408862 -110.8119553276191 3
233.07841269677354 -111.46380428727933 3
232.20581386876543 -112.0131800137437 3
231.32656309579073 -112.63776486906698 3
230.33215920064734 -113.19219764145595 3
229.41849174981513 -113.76617105434718 3
228.56721834036196 -114.33678642517154 3
227.6312791715209 -114.95653712271356 3
226.71894077406608 -115.5797969579459 3
225.7004898934493 -116.19803046473423 3
224.81362533142624 -116.8354263879751 3
223.91589391128466 -117.43671817313466 3
222.99830478656997 -118.0213378559922 3
222.06453610687913 -118.66168654773429 3
221.19807411820378 -119.2100349104901 3
220.292930635968 -119.81863276884613 3
219.47049790928568 -120.38989720408682 3
218.50576710250422 -121.00082872757602 3
217.561001447581 -121.57982697666809 3
216.62876434473156 -122.15499711708333 3
215.7218339705317 -122.74564204959219 3
214.87693620720052 -123.32746282680561 3
213.96182365253352 -123.98205041988865 3
213.07460139776757 -124.65947983297113 3
212.22417941704043 -125.22670813881565 3
211.2746290619532 -125.85995388625223 3
210.34948272413666 -126.50039372862179 3
209.46828074768928 -127.0791937774617 3
208.5058799982411 -127.7053417442392 3
207.495976240434 -128.40698130466131 3
206.59117376879587 -128.99864844292662 3
205.74052106693648 -129.56362471590086 3
204.78067204364467 -130.11145304889737 3
203.88554430538096 -130.69495756584377 3
203.00445021684723 -131.2660088152302 3
202.02436982137067 -131.8789538906314 3
201.17035504948234 -132.46678795223335 3
200.24405000428501 -133.047690461924 3
199.38952244986626 -133.60405695750487 3
198.45081210618565 -134.19321419793746 3
197.57586310421837 -134.7711244989051 3
196.6605301819764 -135.40894381147154 3
195.82357551468615 -136.0019888652992 3
194.96904028990124 -136.62179699171156 3
194.08250446247408 -137.18524183496856 3
193.1902659839311 -137.81162783965175 3
192.31484463158395 -138.396709329954 3
191.41079613714982 -138.99802249326842 3
190.56319345859367 -139.59355940775237 3
189.71114642155175 -140.16449951493516 3
188.82107640921194 -140.64417403373702 3
187.97154712150936 -141.20916636490094 3
187.12757180887553 -141.78497953771378 3
186.1895042611534 -142.3932406263084 3
185.2670969803422 -142.9806173750159 3
184.42605583307758 -143.5338996907388 3
183.582099277886 -144.1057950122809 3
182.6241226332787 -144.65089211657434 3
181.71055926397275 -145.3196811089742 3
180.7603906639985 -145.9195353613736 3
179.80494770214153 -146.52567326117847 3
178.88532494433383 -147.1244614013061 3
177.9659903322703 -147.7259060579374 3
176.9839243818455 -148.33101006740776 3
176.0306342325155 -148.91521999829686 3
175.16680689175405 -149.51185162564363 3
174.21166473488623 -150.09577083760817 3
173.20235079239637 -150.5287355900396 3
172.33527588825635 -151.101617860079 3
171.6309746459711 -151.82531735293645 3
170.75200396981703 -152.36840017022385 3
169.6870679405705 -152.77388903695524 3
168.72210068556984 -153.31517216928498 3
167.7301041384716 -153.88703709560878 3
166.80475943421493 -154.40185802020858 3
165.85962471337908 -154.94076746589192 3
164.95734120508328 -155.48494946115585 3
164.06075523255535 -156.05453471579534 3
163.09297144805095 -156.57728191543694 3
162.15026100359094 -157.10248710201296 3
161.22404243436833 -157.68654877058515 3
160.16951613866954 -158.00871777835903 3
159.1885287710707 -158.52996124247107 3
158.173928193163 -159.04862527148137 3
157.12319910080564 -159.58979181972956 3
156.07773835490153 -159.73302604700686 3
155.1748281260065 -160.2523426780049 3
154.23342570517957 -160.71540712932259 3
153.332916985414 -161.19538379378494 3
152.33813281978604 -161.66525271148583 3
151.41852722874273 -162.09919050699682 3
150.36606483226842 -162.31624211074572 3
149.43191405853477 -162.69635969606992 3
148.4879307212587 -163.0981729643423 3
147.3363573098512 -163.41320342116296 3
146.32319200081815 -163.81584966334717 3
145.36319720066737 -164.1630809563678 3
144.31999753093467 -164.45556542223235 3
143.33840740732555 -164.8404146609128 3
142.30665341046955 -165.1978506017239 3
141.27055154639459 -165.5208997384976 3
140.25459148562564 -165.77631090671915 3
139.17880551058929 -166.1440438884134 3
138.18446020885932 -166.45086367683422 3
137.1388679919064 -166.62782886012673 3
136.00834916075453 -166.91575185062814 3
135.06201684376808 -167.2416525509915 3
134.00234145900703 -167.3427388877606 3
132.96582907437198 -167.63304691501972 3
131.99649045217257 -167.88392036514634 3
131.2271838768487 -168.53169123126924 3
130.19028150392703 -168.7732471000437 3
129.1230537565368 -168.8793933206845 3
128.15404984789316 -169.15745356404017 3
127.08167202109837 -169.42680561005005 3
126.03794747114642 -169.66521533107797 3
125.0249877627864 -169.8130772894752 3
124.02843762069814 -170.2883307330603 3
122.94823239362442 -170.50652570234445 3
121.8586360462369 -170.6809331037009 3
120.84951111972678 -170.5245773845795 3
119.84126251260574 -170.606341387811 3
118.82177714778963 -170.75122055202095 3
117.7782068302619 -170.80447492471464 3
116.78736577221429 -170.96711798700568 3
115.7324297149905 -171.15359476932417 3
114.73609944501337 -171.29837919387484 3
113.84897407368373 -171.76991341376805 3
112.90708606967175 -172.55705008158424 3
111.90560728435007 -172.7538174815561 3
110.88820227155576 -172.91770394923958 3
109.8576769716523 -173.09428271336014 3
108.75358206682218 -173.1863580613435 3
107.61743470669177 -173.2956458406362 3
106.53484851403032 -173.2913012551981 3
105.51759781258596 -173.34016244705478 3
104.50410264724636 -173.36791632738007 3
103.48241613024624 -173.39513633637517 3
102.39232341587184 -173.3998716915226 3
101.31433018637186 -173.39521964927135 3
100.25099326778884 -173.3725010356304 3
99.15912971105219 -173.32451112460848 3
98.13230460624152 -173.22626807553436 3
97.09397932447064 -173.1420238650162 3
95.99613258603935 -173.0594814285659 3
94.94739428854882 -173.02799649446868 3
95.83482256997725 -169.00648566615752 3
94.809726321873 -168.86029974956725 3
93.79808102614504 -168.80597214259132 3
93.83829985106797 -166.83373702002964 3
92.74969872577213 -166.87121876683037 3
91.63718279340156 -166.9262865133326 4
90.52727261702262 -167.05934536224342 4
89.50618692460482 -166.88543726680476 4
88.50592485771078 -166.8973226795882 4
87.44651711354726 -166.84674513946143 4
86.29428403131344 -166.8868901577649 4
85.2945009580015 -166.7398412525475 4
84.25255151165057 -166.607333771397 4
83.20894155450891 -166.41878601987338 4
82.15725836088365 -166.11428854780905 4
81.14489658446395 -165.74035701147832 4
80.27732322951509 -165.18651749213598 4
79.28047284346306 -164.54530229444154 4
78.37729031912225 -163.93076445090978 4
77.51783172230247 -163.16172536605407 4
76.6362730585979 -162.35967815455814 4
75.70157029101043 -161.56246358265133 4
74.88317844769837 -160.92689500482987 4
74.04459284309375 -160.27278117860513 4
73.17457859997843 -159.63038667311363 4
72.16103199292873 -158.9456309245517 4
71.13018721668665 -158.33638787112872 4
70.04646012497544 -157.7762087294393 4
69.01237836611972 -157.24044071427028 4
67.96492997754441 -156.73802798678008 4
66.95873039804148 -156.25043194329007 4
66.0062380107102 -155.8231608265084 4
65.08508738954934 -155.42127150530882 4
64.13748754090336 -154.9982298300761 4
63.11720115982901 -154.57269664650997 4
62.20104640841346 -154.15947855540585 4
61.28448630579112 -153.70868739588113 4
60.321323416372394 -153.14947242992952 4
59.34711391785697 -152.64216220855297 4
58.44388358759287 -152.1592173792787 4
57.51690992955843 -151.66591082655586 4
56.60270074039746 -151.1685609015716 4
55.71315443969483 -150.68533270948112 4
54.82293807562737 -150.20040951380014 4
53.8768757482512 -149.68359570971074 4
52.97794868959207 -149.19085126202634 4
52.04208601504422 -148.65207453863755 4
51.140531393303846 -148.14236866006087 4
50.19357927744601 -147.6143419847038 4
49.27955028112711 -147.09052639942155 4
48.37861162765461 -146.59483888643305 4
47.46978914736565 -146.11403339049775 4
46.55463517775907 -145.64150967944965 4
45.5928095545496 -145.15126700582704 4
44.683488602497235 -144.7081307633094 4
43.70154075678713 -144.1555255354945 4
42.76948594602825 -143.64655822213228 4
41.88334721797499 -143.14042303441303 4
40.955829866724166 -142.60165014467975 4
40.015676521977575 -142.05142250560976 4
39.065571091828595 -141.48442140406786 4
38.16969656519812 -140.9979317745206 4
37.26784623861358 -140.53840152007731 4
36.32644980517284 -139.9917053620141 4
35.40315602604691 -139.45807733365444 4
34.51147637605829 -138.94881947403923 4
33.51585099413274 -138.3658995999167 4
32.63200389560735 -137.8502013895498 4
31.719229787661305 -137.3126894828251 4
30.816401129165783 -136.79354914996844 4
29.956861734657465 -136.26641266257974 4
29.084387892548015 -135.68462122342575 4
28.25754828612986 -135.10428551421825 4
27.335705163665203 -134.4613201368314 4
26.497401625928664 -133.86811475224053 4
25.60665484311245 -133.17732185547527 4
24.70912667173592 -132.60632205675643 4
23.687301945288837 -132.17063144402871 4
22.73131718017194 -131.84843558999387 4
21.69927094305366 -131.48749807593228 4
20.7397065299258 -131.15034931770316 4
19.758721961534672 -130.7426695813206 4
18.746746952479107 -130.24758608678806 4
17.84823635543024 -129.78124402878 4
16.903583534419973 -129.25468828093045 4
15.99833548628882 -128.77126329077115 4
15.042489074149579 -128.24578411390334 4
14.078211129657529 -127.7254652646619 4
13.142909467275118 -127.18608115740653 4
12.187707919507268 -126.65041196017151 4
11.153804999549786 -126.06781730112004 4
10.17057820550855 -125.52182779085945 4
9.202515098041172 -124.97042870232578 4
8.26481683540665 -124.43480258716193 4
7.375581264723575 -123.9234652695351 4
6.394877628158037 -123.35594396418568 4
5.4181274948333655 -122.77865339357155 4
4.4995927286927015 -122.24145824455509 4
3.5799409172223418 -121.72149482145358 4
2.7077430524216255 -121.20984841474026 4
1.6701424031761942 -120.59382184833356 4
0.7738911251671761 -120.07896058098797 4
-0.10862692118293804 -119.54081781840046 4
-1.052495159590281 -118.9836965632147 4
-1.9879077016387807 -118.43972559882934 4
-2.9305837347107735 -117.94134505118132 4
-3.9180422692441947 -117.41567325428859 4
-4.867805555525314 -116.93315476674546 4
-5.857979938363885 -116.44495392342033 4
-6.760197811993491 -116.00245629241452 4
-7.73364088412367 -115.48802560987163 4
-8.687355841185756 -114.92912981336949 4
-9.616152466800617 -114.40481756578899 4
-10.504794869885156 -113.91293092395152 4
-11.48506329903244 -113.37688336152412 4
-12.434648483722414 -112.8369510676774 4
-13.397428673364857 -112.3005548730722 4
-14.42362029364817 -111.71597152873099 4
-15.402568247094635 -111.16055664652828 4
-16.29033156633855 -110.65978003288804 4
-17.231294236459835 -110.09813394825899 4
-18.15129056302557 -109.53177317255803 4
-19.098176539697327 -108.95197228741458 4
-20.00817474355008 -108.39380781933379 4
-20.980432043306994 -107.82649270959685 4
-21.85172712454514 -107.28794689084458 4
-22.74759554333366 -106.7394610341603 4
-23.670022931322606 -106.13623404740564 4
-24.557012201817926 -105.58837335263317 4
-25.521766157978355 -104.98972069235239 4
-26.478711441632516 -104.40062107170256 4
-27.417406594689048 -103.81969677196804 4
-28.308846637862253 -103.26926466037231 4
-29.178656671855233 -102.72241337432047 4
-30.0988316720458 -102.1402370779671 4
-31.003001112187135 -101.56837097861592 4
-31.849533342384134 -101.03273651132409 4
-32.70298133197046 -100.4763323955386 4
-33.57470038491797 -99.8852504002331 4
-34.41065768722839 -99.28891183289979 4
-35.30522264854912 -98.68224796908059 4
-36.16404976057886 -98.07264530574876 4
-37.01684974619149 -97.34123293529191 4
-37.89814948821353 -96.61527453573497 4
-38.676911626450014 -95.9425524432657 4
-39.50708641625589 -95.0831822042098 4
-40.267631209302266 -94.21243760440352 4
-41.00172123044947 -93.41789154436624 1
-41.717196144739724 -92.64063288865917 1
-42.503961016304686 -91.79556177193294 1
-43.27242795429033 -90.95345304012122 1
-43.96883035260068 -90.10105344844456 1
-44.66342774135415 -89.20000429762746 1
-45.349808782510564 -88.317210243671 1
-45.91526166466555 -87.49045346000956 1
-46.498486846367335 -86.58709208487052 1
-47.00687633421965 -85.5064837595072 1
-47.43814065210364 -84.57944680451328 1
-47.97063275351504 -83.62051381560704 1
-48.51511406689751 -82.67286655878503 1
-49.056528748024476 -81.73128631579773 1
-49.601733919162925 -80.79676659670932 1
-50.168748714136136 -79.81085301551482 1
-50.605455450436146 -78.86715836748556 1
-51.03217006421954 -77.94629032819465 1
-51.47003002501271 -77.04138312849712 1
-51.948088936644005 -76.01257765642195 1
-52.37935837736285 -75.02559479802831 1
-52.75162964394662 -73.9802945557922 1
-53.127582199754194 -73.00089280209544 1
-53.491832351508855 -71.88500120509273 1
-53.85370998077965 -70.84748598354304 1
-54.17893165539129 -69.8518754206679 1
-54.458804554312465 -68.54695626731746 1
-54.67622586244044 -67.4211444667924 1
-54.908340199027485 -66.39708124361347 1
-55.14096830052408 -65.38857934550292 1
-55.40962823960673 -64.2854779385703 1
-55.590564390278814 -63.278630948026574 1
-55.7750277196806 -62.1601119214045 1
-55.88125917601519 -61.059242055413186 1
-55.955662607115485 -59.99798198580587 1
-55.98463055136496 -58.88467814722908 1
-56.04152384389062 -57.875342740302294 1
-56.09786091660822 -56.83795134987806 1
-56.172083725513936 -55.791355478671434 1
-56.16403560152826 -54.74031758928711 1
-56.19369522170722 -53.711987389056496 1
-56.16669847959022 -52.6600124624485 1
-56.1482266982674 -51.63659506308723 1
-56.06675795108001 -50.57307512695822 1
-56.01179026576107 -49.51193922310658 1
-55.96774000113839 -48.43175604890091 1
-55.77818343718084 -47.3156949143026 1
-55.67875470933492 -46.170615518805334 1
-55.55392573881126 -45.147521894404775 1
-55.3510266396148 -44.02764606530472 1
-55.18176824273133 -43.03515272672318 1
-54.972063615828205 -42.01644270386384 1
-54.77805934385123 -40.97748647442393 1
-54.59130577152976 -39.9045598686628 1
-54.273157926450985 -38.953918380284875 1
-53.98401567072035 -37.89651222740846 1
-53.68787468748273 -36.845572503094814 1
-53.38839741468675 -35.798354399550256 1
-53.11348372280224 -34.834600264538764 1
-52.79024698150771 -33.83917461502927 1
-52.39020528296955 -32.90682284745824 1
-51.99602278047707 -31.915306302027926 1
-51.668140133933186 -30.95968570121936 1
-51.24008177915787 -29.967020718693718 1
-50.81206758859621 -29.019304483398813 1
-50.26263443429791 -28.033265135641066 1
-49.777218174492404 -27.09763508184254 1
-49.3166589640801 -26.16029603256734 1
-48.772284262569286 -25.201870981315825 1
-48.194231664273175 -24.336182464506088 1
-47.71928806004937 -23.448840730691938 1
-47.274909450964444 -22.515128077882256 1
-46.625593239325504 -21.609724550487957 1
-45.929513723475495 -20.803961121455973 1
-45.306502998830574 -19.968247406780723 1
-44.59941674598249 -19.092439620869172 1
-43.89473874663679 -18.244906384114124 1
-43.24922571836289 -17.350256061035157 1
-42.56080037893475 -16.51633550378485 1
-41.81600657123126 -15.580151127227335 1
-41.05437476666778 -14.660852355146083 1
-40.36623069430158 -13.750568776316165 1
-39.633558299881564 -12.952404172173912 1
-38.79657908967812 -12.125047697118765 1
-38.0056661496726 -11.331926984631103 1
-37.277826032515044 -10.513515139656672 1
-36.4747189452753 -9.638447414511951 1
-35.81197771845337 -8.8785231442289 1
-35.021946102772176 -8.00645625197283 1
-34.272116821392906 -7.152253808856481 1
-33.450812172606355 -6.422727054573833 1
-32.62603843994583 -5.835742300679737 1
-31.58655383054104 -5.188151004503527 1
-30.743779286532284 -4.491106101560685 1
-29.825940582524677 -3.9906541953076866 1
-28.975184209936682 -3.461756700533213 1
-28.073662871967123 -2.883662847359062 1
-27.110918452672927 -2.2785481660877442 1
-26.1408671143375 -1.8170692341356727 1
-25.220431715717574 -1.3556043710007049 1
-24.22756480155789 -0.9570814977729256 1
-23.22844615887517 -0.5265328481960827 1
-22.233535003077883 -0.13097340796681767 1
-21.182808577114596 0.1933169807235302 1
-20.184089689143452 0.4991150808858995 1
-19.167088263430575 0.8447312339775321 1
-18.135592797997678 1.1734000153161275 1
-17.060289448127822 1.495153807517752 1
-16.073858628676884 1.7720297907989873 1
-15.051166841935089 2.118057743560008 1
