1.120801446295458 0.23136492954121735 1
2.1067784717254363 0.6289543636256523 1
3.162860518505494 0.9587368114471186 1
4.219165642477066 1.3024215680837232 1
5.273620919788096 1.52741484404806 1
6.365649623448391 1.5783713485500366 1
7.424789855742832 1.543270439979415 1
8.439555302574849 1.622212381133001 1
9.532134697119668 1.7398949426806223 1
10.553062607088581 1.8921102173355635 1
11.674030960160207 1.9957014367418062 1
12.675830081666508 2.0831044105671848 1
13.744902173696602 2.1089151815286478 1
14.789972672114736 2.1618320352580325 1
15.92719593157114 2.2274692204489135 1
17.04155913838075 2.304759937467219 1
18.07160140315011 2.29743936642078 1
19.2323003979968 2.433361002779733 1
20.290346811689748 2.560402725882705 1
21.311913945857683 2.664145887856688 1
22.40070279855041 2.8608471544719043 1
23.491923101751823 2.940119610856283 1
24.567984203778874 2.9966056164442554 1
25.71665548738928 3.1018940357349236 1
26.858810439571265 3.1156610953269857 1
27.921500823123637 3.3311604572334144 1
29.06505347622893 3.4491224512987677 1
30.317987210578057 3.5160322070947494 1
31.43388492128416 3.619812745001284 1
32.53890711775153 3.7439858314140193 1
33.595168977762334 3.7175928371791045 1
34.70049017559976 3.833300416516858 1
35.787605310520156 3.909128220171567 1
36.82813371002433 3.9543296446127782 1
37.962486812663506 4.086816631764046 1
39.074478148913656 4.132782051652826 1
40.09424191047274 4.343957345197636 1
41.15438542414824 4.407533840330774 1
42.220918095500245 4.35934594662554 1
43.338377624338364 4.421136989093124 1
44.3506528454786 4.569424896739819 1
45.45382480402822 4.646743974093879 1
46.58887070566781 4.662731396576752 1
47.84334863596739 4.756230989091362 1
48.9736868540997 4.884686502540968 1
49.98676710277804 4.936850482946513 1
51.14992090086318 5.033387109089218 1
52.30254962735985 5.12456111920484 1
53.304417697217424 5.292176095708091 1
54.39346732575511 5.383522378386994 1
55.55058380274067 5.462706750457628 1
56.55060491100036 5.591121201300263 1
57.56313066324895 5.6054498745914625 1
58.66813731482379 5.696608386156801 1
59.79811471050271 5.820709828371067 1
60.79802723395712 5.851014789099886 1
61.80661109584666 5.932900001196836 1
62.99909542201312 6.04866197900376 1
64.09925157958207 6.109334771854788 1
65.357057279242 6.260907944080578 1
66.44644504473571 6.432261694162788 1
67.46114053805003 6.5319548059964 1
68.57538076485457 6.668659160846879 1
69.60707373494131 6.667773066365784 1
70.61890864072839 6.673590453613944 1
71.74222500268999 6.798539540656442 1
72.74909616867157 6.830318083600427 1
73.76620620719312 6.871319589319675 1
74.89442149163905 6.948236968436178 1
75.92106451358119 6.974320377079476 1
77.06656378036348 7.062686410201169 1
78.15289075634252 7.115277112873133 1
79.21213865923491 7.123696940231106 2
80.2682486851523 7.117180292875315 2
81.2967519913367 7.254221422595129 2
82.4288062723863 7.290955467019528 2
83.44356740303411 7.338422316540769 2
84.52134880854126 7.403735102249621 2
85.51945415339907 7.477673585125839 2
86.59350554188806 7.5611132994474906 2
87.77934340920683 7.677244853311631 2
88.93134307269972 7.717770666348694 2
90.10648435377728 7.779505984400391 2
91.25912781481534 7.8780614209251665 2
92.38732329959821 7.921581239287108 2
93.48712997138169 7.935597075616546 2
94.48576942745481 7.995941461246533 2
95.6379656209444 8.021404433741502 2
96.71105566901481 7.996198504056695 2
97.79011695356012 7.922492035521781 2
98.84071510539626 7.856583405635899 2
99.8823909148024 7.688661756280168 2
100.9468623729994 7.417521761967293 2
101.97352011733669 6.945583739152271 2
102.92723642537902 6.500825331792356 2
103.82694907629892 5.725184449797904 2
104.55005736968421 4.913361153795974 2
105.34303610910442 4.187247825721241 2
106.25393060007463 3.439471997470982 2
107.05568279355245 2.6071255906438773 2
107.59546062123114 1.6806463660572135 2
108.254029859592 0.7044052909459848 2
108.77294832827936 -0.2027677199711525 2
109.13999977560783 -1.1372793962969512 2
109.36044579505139 -2.1806818480233243 2
109.49172198035569 -3.2455779395222715 2
109.58146031712022 -4.281592332320414 2
109.66157314321833 -5.388826679415289 2
109.77390675493878 -6.467321169150917 2
109.8723778616138 -7.593848150519978 2
109.95493670403823 -8.629845497312639 2
110.10121849108178 -9.681336053698333 2
110.11538168858374 -10.73487143661359 2
110.21050256681158 -11.762518047135451 2
110.29184239812645 -12.799039624571758 2
110.41511399490592 -13.873608013845693 2
110.48617359504911 -14.90858208508031 2
110.55067943640658 -15.926427258708438 2
110.64708726398318 -16.939624725994097 2
110.71131242960837 -17.963833936419668 2
110.7457249171402 -19.07684039563526 2
110.86501433301275 -20.076560947046676 2
110.93113559575741 -21.160936613643177 2
111.02862938533279 -22.198943894766213 2
111.11757766654033 -23.228042447152497 2
111.1838813997949 -24.292899738817475 2
111.26784139637189 -25.396015703941817 2
111.4033177134264 -26.45003773587959 2
111.42229915574308 -27.593044230568257 2
111.52168131614422 -28.60686782893623 2
111.56764338756736 -29.616270066297922 2
111.6783465237465 -30.623492047195754 2
111.75948309685712 -31.740000517588584 2
111.8451846775185 -32.754515666348226 2
111.90504641295375 -33.842230946141164 2
112.01477349404334 -34.921730399686886 2
112.09715400638703 -35.93845620543768 2
112.21880385163583 -37.007617781274384 2
112.27101767254622 -38.08153282002413 2
112.35742691262385 -39.17097522305259 2
112.43618848053649 -40.22770451277459 2
112.54096918985843 -41.23883832732622 2
112.60248372185373 -42.28346278644029 2
112.72648065179341 -43.321682512563754 2
112.75895451661432 -44.41908007858694 2
112.85149352675896 -45.47444472901672 2
112.94163625404768 -46.531588118297115 2
113.01662073346968 -47.64311607391142 2
113.13748638420941 -48.71255307436341 2
113.22110789154229 -49.75723314850098 2
113.31086520944375 -50.83020951984279 2
113.38808526009738 -51.94979894836972 2
113.46911596311493 -53.04617640843287 2
113.52858007022563 -54.11589057376058 2
113.64182694383955 -55.15749430883182 2
113.70548288041266 -56.21553973522301 2
113.75615672236002 -57.250581932566604 2
113.85453210047075 -58.37925827469871 2
113.93609847020588 -59.40120595328089 2
113.99895671861731 -60.56652383400586 2
114.11294961558862 -61.6460197487725 2
114.22240480092718 -62.77522830992265 2
114.23719282000587 -63.83275832521198 2
114.35194688290424 -64.84325130649042 2
114.46698846224983 -65.88492464866403 2
114.6062401562536 -66.96782135168704 2
114.68082494555097 -68.02002650544075 2
114.82149096315672 -69.09673055099341 2
114.92219143258271 -70.22294994850553 2
115.00776944230823 -71.33188929256873 2
115.15028147369257 -72.36648424167124 2
115.27153911618278 -73.3820389272919 2
115.38124824995255 -74.46407288375674 2
115.53467850958764 -75.59518000100681 2
115.69692943532534 -76.63060233816209 2
115.85828107827811 -77.69709117336335 2
115.99585381705303 -78.77014049690408 2
116.14223647546402 -79.808933999119 2
116.42053118980789 -80.9009743531295 2
116.69278713897674 -81.90988985023071 2
116.97587022961947 -82.8781660181027 2
117.22780634899453 -83.88055237594051 2
117.52491437549028 -84.88933411483087 2
117.87008475885848 -85.96784188881597 2
118.23169109131209 -86.9800327046371 2
118.57410866214035 -88.0137703767595 2
118.9376037242026 -89.07053496782778 2
119.41589876349644 -90.06285748719023 2
119.85858744239093 -91.04918624983272 2
120.29228804936179 -92.10049571293582 2
120.74134724371906 -93.07401194939175 2
121.27357022803307 -94.0935566324234 3
121.9702440274782 -95.01938083885776 3
122.50794394348549 -95.95541617125367 3
122.9708997658733 -96.87625387629747 3
123.55609130388089 -97.78882227899142 3
124.2616067034036 -98.81507260511455 3
124.85899274168733 -99.63853917350042 3
125.50678582301657 -100.55958604130511 3
126.17115169694645 -101.30790620817771 3
126.77663486928763 -102.11465628158486 3
127.50763554682915 -103.01946522391226 3
128.2185382375906 -103.78442463939172 3
128.9653876034937 -104.58117248140317 3
129.66938392210807 -105.42453153886305 3
130.45822242178977 -106.17315687780078 3
131.27997533916397 -106.89514788388786 3
132.07395270820885 -107.68351358390879 3
132.84390741946146 -108.37668232587517 3
133.59077856216913 -109.12788597418205 3
134.4755614713699 -109.87287146527132 3
135.28712301790392 -110.57874562490427 3
136.12449764712213 -111.1806856927734 3
136.97606629950155 -111.73947131461534 3
137.88161713214157 -112.4403395228659 3
138.83857596961212 -113.08075626943467 3
139.7651003468553 -113.52246454346188 3
140.6889780241457 -113.99419422067172 3
141.68799132136246 -114.52884944258763 3
142.65742888423367 -115.04948950592498 3
143.61061593350206 -115.47397466449137 3
144.56566584651694 -115.8667766878115 3
145.56196125479747 -116.28259727089824 3
146.62801957687483 -116.69588070496738 3
147.63730435930074 -117.107162174952 3
148.69252799171917 -117.47231677768998 3
149.71354128968827 -117.84588460169493 3
150.81014575181862 -118.13566969655506 3
151.8065106787103 -118.50081622759701 3
152.85666688011764 -118.7320149283197 3
153.94113594741228 -119.04747879411555 3
155.05076804310414 -119.23731757385667 3
156.0774127827729 -119.45703167008493 3
157.13627589157596 -119.701705477761 3
158.17840679544997 -119.87759583191658 3
159.22769415172618 -120.11029024858772 3
160.33478763821228 -120.23713921114651 3
161.45540650412315 -120.33058400701292 3
162.60240221892838 -120.39660806512319 3
163.69324493893274 -120.50003676106327 3
164.7728717368216 -120.57510024063578 3
165.87170718669972 -120.59204539504366 3
166.92825817723966 -120.6077812043608 3
168.02766815069856 -120.60898734536386 3
169.1615922934366 -120.57126805511845 3
170.26720527629323 -120.52508564870612 3
171.3505394398954 -120.46221214918292 3
172.4463125382641 -120.40535086744781 3
173.45554629828737 -120.37784018411593 3
174.4967954455201 -120.29549604559382 3
175.5960613472491 -120.22836112428129 3
176.6962722628373 -120.13612838258929 3
177.70013669371082 -120.10263091387634 3
178.82268192661357 -119.94532368768995 3
179.84281182215264 -119.78757527374889 3
180.83667512290882 -119.66600562174311 3
181.93562338880423 -119.55083492834011 3
183.0475245672829 -119.3737042198876 3
184.10324068786326 -119.15445726729644 3
185.16616919672634 -118.92696127872615 3
186.2519995228306 -118.67967423900288 3
187.2401407544592 -118.46391678075291 3
188.221706128972 -118.23437958865655 3
189.1900594431674 -117.97803133073184 3
190.31230025365483 -117.6934733572804 3
191.35787299379425 -117.41679850277764 3
192.43030007279458 -117.1412174422039 3
193.41281101395603 -116.92348458213162 3
194.43592314878418 -116.64784928911764 3
195.46856169039154 -116.37598528228328 3
196.48709602695573 -115.9975651757338 3
197.5135564524787 -115.59701028150788 3
198.43762182320734 -115.21104015655992 3
199.4601408599321 -114.74384968814798 3
200.40237583764954 -114.39030566997974 3
201.343554173916 -113.97056654416481 3
202.48607294996933 -113.34292930779168 3
203.43220516179898 -112.85388847486911 3
204.3760927566717 -112.34716828241604 3
205.31812668284192 -111.83402073128931 3
206.2176514076478 -111.34491038871126 3
207.19540752742483 -110.82805297184521 3
208.06884785206486 -110.32831832900308 3
209.03024571909302 -109.80522760386147 3
210.0170785290466 -109.43268993598421 3
211.00273685544335 -109.01347120662557 3
211.97341364896647 -108.68828321947292 3
212.99467757648372 -108.25059294153215 3
213.9370520453457 -107.8956639953075 3
214.87783017845237 -107.50110945992341 3
215.8491708437376 -107.000210126091 3
216.84871774178768 -106.49927048660395 3
217.739067106832 -106.01105229009387 3
218.6496580097013 -105.42613110982256 3
219.51782838464047 -104.84150220051491 3
220.475816228873 -104.21002152590614 3
221.32300845379172 -103.67557189195419 3
222.11697163130697 -103.06674671980709 3
223.07529626140678 -102.40568332960476 3
224.01004787207566 -101.76496831102179 3
224.83189219169074 -101.19213891341687 3
225.7651110361797 -100.58148894746307 3
226.6057716038234 -100.00076075836898 3
227.51360890531402 -99.43316673235454 3
228.49754057770065 -98.77329811276176 3
229.32014728810665 -98.15495470444448 3
230.16986087155513 -97.57187373196946 3
231.15665431760172 -96.90538742661109 3
232.07607490334806 -96.32478030357514 3
232.92131598410063 -95.75541716676165 3
233.76963419694326 -95.2215177233017 3
234.75761960327472 -94.71290735146562 3
235.69966687689947 -94.12437283846552 3
236.56142438254298 -93.53696172726896 3
237.45358253664298 -93.02458458813395 2
238.27007540142685 -92.40955204783842 2
239.21254293462408 -91.89703183446912 2
240.06523121261736 -91.34447140125127 2
240.98122111076785 -90.75076027351854 2
241.97514661931342 -90.12422757694844 2
242.84402156750474 -89.58013541440717 2
243.72396727257708 -89.02696684585453 2
244.62482621190858 -88.50533857555436 2
245.65766452104307 -87.98344745828231 2
246.673333617972 -87.55547073816741 2
247.73549346520306 -87.12093974187451 2
248.78063948551485 -86.73744122879187 2
249.8563124238676 -86.56112089946816 2
250.98278200790946 -86.45613595868001 2
252.04677372754747 -86.54231115425287 2
253.0245179980685 -86.91590013459886 2
254.01207524494285 -87.28959846758264 2
254.70536086753023 -88.07790679460619 2
255.17707146311986 -88.9837724095386 2
255.4704239962652 -89.95069642183023 2
255.48146074545193 -90.98281527208806 2
255.27028441213974 -92.36512413425248 2
254.89758884155765 -93.38489431366696 2
254.20729208909745 -94.22594008244434 3
253.36637318838976 -94.80199534887646 3
252.52603556738538 -95.38668981884582 3
251.7083882901736 -96.06278739419119 3
250.94907420359237 -96.82210405944893 3
249.95056321001525 -97.33162277890972 3
249.03437939439712 -97.87334952576532 3
248.03991374802447 -98.45849413296196 3
247.1497715353062 -98.9965935990399 3
246.17642279529932 -99.64463721771199 3
245.3663985716473 -100.28017612876349 3
244.50702931992402 -100.8743915113711 3
243.53276615906952 -101.45182011729825 3
242.5936568279768 -102.03414833612753 3
241.7005879234539 -102.65984815796222 3
240.82134262725666 -103.20175842198 3
239.90767832666663 -103.78173094106366 3
238.99287879197 -104.41590128290504 3
238.12742482885108 -105.04142948026008 3
237.1776957822172 -105.56470527191887 3
236.33594744894125 -106.17418140422429 3
235.38111955547063 -106.65695869842118 3
234.44875419347127 -107.3455264688288 3
233.53950511675487 -107.94636749342989 3
232.6756071295755 -108.56916075931342 3
231.7750575039898 -109.08544634765126 3
230.94761548246228 -109.70307736251883 3
230.07007572003582 -110.26230550395329 3
229.16448364677487 -110.74632837672237 3
228.23648574393712 -111.37283250472967 3
227.32344707462946 -111.94789856180142 3
226.22338434555178 -112.60642178912597 3
225.28003983508967 -113.25826470074577 3
224.40611517137242 -113.84658533025672 3
223.53004927645847 -114.47752319374067 3
222.6307158168663 -115.08113374133946 3
221.75711462631878 -115.57083015287441 3
220.8263918540015 -116.12153997931402 3
219.9616178421036 -116.68819540269996 3
219.11765056564303 -117.237192269833 3
218.2155981649106 -117.73789883777667 3
217.3380782434508 -118.3128993167098 3
216.50825491097802 -118.92560537403322 3
215.61302898353276 -119.54055082741452 3
214.72284659525542 -120.12677687654697 3
213.76633489100556 -120.66679750007012 3
212.8998501186327 -121.19791140988589 3
212.03797748075013 -121.75765721927063 3
211.11764828874067 -122.31816309152953 3
210.2183357825868 -122.95493733946478 3
209.4169782471711 -123.58215395186443 3
208.51843436017222 -124.14227993454796 3
207.5878244097279 -124.79009422832591 3
206.7292306162171 -125.40850358129941 3
205.87468357116146 -126.01342645102208 3
204.9416611381437 -126.60612288435749 3
204.01898016518567 -127.18784498700765 3
203.08079185678068 -127.8213130946304 3
202.11494535309717 -128.41271528341082 3
201.12148276310862 -129.07183033022955 3
200.0742301585501 -129.72340936755927 3
199.20121956489496 -130.32525648126204 3
198.3429027390872 -130.86977850232455 3
197.51718560387448 -131.48774856969612 3
196.58695568693693 -132.03660135961712 3
195.68070774988664 -132.60148523109595 3
194.75931255893576 -133.25247923893232 3
193.79377785220117 -133.91102296622356 3
192.87162013939107 -134.4263858885431 3
191.93451439622174 -135.02480081167627 3
191.01803633709923 -135.65274430954236 3
190.12618281748144 -136.23002896320082 3
189.25718121545157 -136.79952409778173 3
188.30237332260458 -137.4021212423046 3
187.36509258409183 -138.02124656110516 3
186.4288419404605 -138.59646095905435 3
185.54988740993704 -139.23373244574918 3
184.55306062697474 -139.83480456977486 3
183.59604776733173 -140.38800456633825 3
182.64327565521936 -141.04559126233104 3
181.83986275370538 -141.64518240039953 3
180.95305072751773 -142.34373198637059 3
180.0912108930046 -142.96438636187392 3
179.123020811267 -143.46290137072495 3
178.13683752177914 -144.02627905503 3
177.16545749989928 -144.6135725000725 3
176.2394950690778 -145.1278473569406 3
175.41382371947927 -145.72454697959492 3
174.57269634581948 -146.29396273332856 3
173.6804314199697 -146.77920738980035 3
172.73742336840144 -147.4301239699905 3
171.7635050547176 -148.01748148934215 3
170.8835583521189 -148.55570137971793 3
170.00334077303026 -149.092766124506 3
169.12347731944521 -149.6305236342144 3
168.24352270278825 -150.28734388066854 3
167.37887617520184 -150.9050333117479 3
166.5064877169433 -151.46479867771885 3
165.54058889102555 -152.0704777491446 3
164.64366485892882 -152.65699505226257 3
163.5858419182195 -153.17247997216856 3
162.7357504444651 -153.74863911177647 3
161.721704837946 -154.3234201688935 3
160.78598888307715 -154.8397268131858 3
159.79727320657997 -155.4020202063967 3
158.8828968397158 -155.94621720727895 3
157.8463601169117 -156.44211425067115 3
156.84589326548604 -156.87214439400208 3
155.92721634603362 -157.40048524702019 3
155.03899120694834 -157.88637953558177 3
154.1420661074497 -158.43488009814544 3
153.11694106665453 -158.74921974870665 3
152.1569053746252 -159.27029313254164 3
151.24718907051746 -159.8371427684412 3
150.2571203926099 -160.03881039634146 3
149.28643065004272 -160.4570592328199 3
148.32337281038517 -160.96964142346684 3
147.28849855577644 -161.40645443140045 3
146.2775721078887 -161.80140515285032 3
145.2433427466258 -162.2388204627594 3
144.1749814125545 -162.62966279075403 3
143.1248305125823 -163.0607104093588 3
142.0671085876145 -163.4742943460613 3
141.11098429905638 -163.87298975328014 3
140.13559922567947 -164.18175345085217 3
139.09800300119392 -164.5619770560775 3
138.12858547739145 -164.87817268683023 3
137.074817859852 -165.2392534982266 3
136.01009901089378 -165.566468724023 3
134.93618548198765 -165.83609096505882 3
133.91100786758415 -166.171194805645 3
132.9195939340131 -166.3840015365207 3
131.9034667414018 -166.50954304438565 3
130.7812773706638 -166.72775394980238 3
129.79597949086528 -166.93155321181706 3
128.6923600617947 -167.13224962504012 3
127.71629536645872 -167.3714797934131 3
126.70215657126224 -167.6242084338758 3
125.69277443147783 -167.93900300733182 3
124.67097157427536 -168.17632773961446 3
123.67915058081005 -168.4765747930919 3
122.65033444615857 -168.81835881941478 3
121.5370197843779 -169.06474137896794 3
120.48534503496022 -169.24778120616574 3
119.40669996829871 -169.4043280233837 3
118.27251420878902 -169.57207051841806 3
117.14308286556401 -169.78599315068 3
116.03546355344184 -170.0701902570732 3
114.92343346904092 -170.21578190436452 3
113.77379536888226 -170.34024190223798 3
112.65352446352088 -170.49645544083364 3
111.56580402017678 -170.61951562831462 3
110.43175285141456 -170.76878112844034 3
109.36980594299709 -170.88229239778363 3
108.20345809398651 -170.9047287646956 3
107.11349488181447 -170.9227601721737 3
106.06873083505403 -170.95394832989913 3
104.99065913058509 -171.05643328207145 3
103.87908990558509 -171.01543687823477 3
102.87626172009578 -171.02844263314364 3
101.80198932503941 -171.00129409056512 3
100.67651086020952 -171.0014314762278 3
99.56818629801867 -170.99758425893128 3
98.56204501527459 -171.00833963260996 3
97.54640594415051 -170.91468456212453 3
96.43200519122604 -170.8724938599643 3
95.38493403006068 -170.78637385496498 3
94.37277140656845 -170.67192415531727 3
93.23053706729152 -170.51576219732948 3
92.21013709432434 -170.39715883408812 3
91.19480496875302 -170.26197171621274 3
90.15934651809026 -170.08555267850906 3
89.05770909608803 -169.88763014503226 3
87.9693805384846 -169.6852166343892 3
86.98709753140139 -169.4748366331591 3
85.91749394955964 -169.35129925811952 3
84.85072178379359 -169.19556518566932 3
83.70185842178405 -169.01760855059683 3
82.64956087094696 -168.86894459957838 3
81.62914544473063 -168.61513161059375 3
80.5389264085081 -168.35055207590892 3
79.53422532944677 -168.17955347979853 3
78.5424860741059 -167.98152421101057 4
77.44003595769004 -167.75955767283858 4
76.5083377371333 -167.36813221778604 4
75.40707541113885 -167.0173837841464 4
74.4192576431086 -166.66099640311182 4
73.427598050793 -166.41700054812134 4
72.36913172605291 -166.0927700925248 4
71.4065006293844 -165.63812148134835 4
70.38333091108707 -165.28105012846052 4
69.39386329592986 -164.9215206329698 4
68.40054890617859 -164.55371635983084 4
67.33287181970212 -164.16791394229202 4
66.3510013320377 -163.72581974180002 4
65.42190647844916 -163.35565031140962 4
64.43600238522266 -162.93318210408626 4
63.378705763674525 -162.5014719893791 4
62.37961170698968 -162.06966079538645 4
61.40081969411064 -161.64970160663796 4
60.37716346527318 -161.21701520434513 4
59.392289745967396 -160.7441715218074 4
58.43453591076532 -160.26819452216603 4
57.524389459471486 -159.80178856756638 4
56.63365856338077 -159.30079517116442 4
55.74273438685756 -158.80817399907627 4
54.77879313142322 -158.2804630937327 4
53.835110853910344 -157.74573945815166 4
52.94195276394964 -157.2610331517051 4
51.97739469469813 -156.72551239909797 4
50.96340307227776 -156.1551938382968 4
50.06656070183375 -155.66080597715194 4
49.09718842099464 -155.11914487113128 4
48.136727530415236 -154.5884686257529 4
47.23792714339938 -154.0783220037102 4
46.35393134461963 -153.58222401944448 4
45.459974070664956 -153.0779164948332 4
44.48020319924515 -152.53352267805965 4
43.538886601236825 -152.00953792517726 4
42.573051750333015 -151.4600480951679 4
41.60660837949875 -150.91343218890398 4
40.6694940978148 -150.38927568512432 4
39.786123629431266 -149.89382754787107 4
38.84329322635614 -149.35842864636203 4
37.961717637730814 -148.86081142862855 4
36.99886524979868 -148.31341664541483 4
36.051039485156245 -147.76763053531855 4
35.16928035332807 -147.27778319741984 4
34.238819878485394 -146.749433824211 4
33.3566475772747 -146.248907137062 4
32.48488410628184 -145.75449406244164 4
31.544581912109294 -145.21589414514688 4
30.64946280381233 -144.70586768052704 4
29.65285172229422 -144.14741457208933 4
28.687061866005436 -143.60235942017778 4
27.716490700944398 -143.06190214168845 4
26.81218951514309 -142.54154282477018 4
25.85591102990935 -142.00336548109755 4
24.98048253256014 -141.51275270846048 4
24.094131730258685 -141.01069068326072 4
23.147194856760684 -140.47676005337274 4
22.183133795828745 -139.94492320031668 4
21.286219040670396 -139.4368091388132 4
20.167183107653386 -138.81170130196304 4
19.11981559215346 -138.21527973886452 4
18.08024826644055 -137.65580086562665 4
17.198620352515867 -137.1102534315868 4
16.208718844634447 -136.54695793511667 4
15.263648993523084 -136.00831744096325 4
14.374014085278025 -135.49669205237774 4
13.40453496563705 -134.94307986268427 4
12.441441871501777 -134.39369756625223 4
11.557055389481121 -133.89270508271986 4
10.600293039049092 -133.3413883084799 4
9.601060139376875 -132.7750691674692 4
8.714742133380254 -132.27300487455926 4
7.731613903217717 -131.71924213212358 4
6.837766198163725 -131.17631227227037 4
5.921293119806098 -130.63907040527877 4
4.97483725787276 -130.09706968793935 4
4.07087878434585 -129.6146185392363 4
3.1177951371104875 -129.1286125249906 4
2.129802366616156 -128.61805435767045 4
1.1358367523059152 -128.12670117914473 4
0.18088542641738914 -127.65244211158155 4
-0.7443047299142291 -127.19502626457022 4
-1.6817485328318786 -126.68579917725943 4
-2.5871701056121577 -126.21301267427641 4
-3.54135193819706 -125.70120463826993 4
-4.505740028331612 -125.1641086717482 4
-5.4082904484233785 -124.65652005407352 4
-6.286267233828416 -124.16029756547744 4
-7.165565407058817 -123.64511126254565 4
-8.088992397110886 -123.1235131481782 4
-9.037318938042906 -122.58611088798108 4
-10.01843557856307 -121.9964520497392 4
-10.894097252527398 -121.4817695862953 4
-11.782692507520531 -120.95874028019806 4
-12.659339656040085 -120.45517903372372 4
-13.540773463618626 -119.9420870658909 4
-14.397352553443818 -119.42194562740612 4
-15.346312003381392 -118.87359187861513 4
-16.255144580661586 -118.33752792652867 4
-17.145860542834484 -117.81695956045206 4
-18.135544189460514 -117.25075308272618 4
-19.11661103582721 -116.67770890891647 4
-19.978382836734706 -116.16653183768987 4
-20.9009635375553 -115.63574275936105 4
-21.827948387888338 -115.09158366437792 4
-22.760873041002274 -114.5490214253008 4
-23.657265333874197 -114.0294836902304 4
-24.520356798247818 -113.48354705755571 4
-25.34579859435009 -112.9176901659389 4
-26.266509617660244 -112.31888497933095 4
-27.22482161656941 -111.71103650279316 4
-28.266612609095343 -111.20597269414 4
-29.230721142118572 -110.72387662265426 4
-30.192873670972343 -110.2632738629641 4
-31.162690378193375 -109.83131001359564 4
-32.09022215067984 -109.42459897076714 4
-33.12323802122659 -108.97189434367365 4
-34.21960106576525 -108.50617731352189 4
-35.28851558720865 -108.05865881347961 4
-36.19450502375965 -107.63109002222798 4
-37.13994340252055 -107.10607188542356 4
-38.148399612639366 -106.45607467867852 4
-39.111495932258116 -105.84614081862881 4
-40.04608728160631 -105.26170073524497 4
-40.95303037146929 -104.69417911901279 4
-41.800901514214075 -104.10036406765565 4
-42.6590851533287 -103.42018441525569 4
-43.45325057473037 -102.72003135546981 4
-44.283867170203116 -102.04511225969799 4
-45.09299244643412 -101.30828410214093 4
-45.92713280909734 -100.53737092543324 4
-46.75218887090105 -99.83505189068296 4
-47.4987654688213 -99.11588745459359 4
-48.23066447321291 -98.40023672223859 4
-48.998796801287135 -97.65533501930311 4
-49.809529316505966 -96.86877558507192 4
-50.615906907275196 -96.08269454358026 4
-51.27440510577669 -95.28011305668784 4
-51.78843349805469 -94.37463069975749 4
-52.30281638829566 -93.41029010992624 1
-52.83150647248246 -92.55619672095209 1
-53.411736689274605 -91.6090335898698 1
-53.963202725515956 -90.7173569058439 1
-54.71310432003354 -89.84677975715024 1
-55.57231741341951 -89.05279484163707 1
-56.337462567222595 -88.2307473095242 1
-56.959489734960435 -87.42616987650179 1
-57.59925730094867 -86.49794146603818 1
-58.163484521138976 -85.51059245416313 1
-58.6598232266409 -84.60319462585045 1
-59.23073939461396 -83.63299281885675 1
-59.764333325321275 -82.48248086246039 1
-60.2106388195646 -81.57138413210095 1
-60.73064907495797 -80.55738196334286 1
-61.21879732678187 -79.50055078280134 1
-61.663337922910635 -78.53414780520056 1
-62.10997638259634 -77.486052265597 1
-62.493360387337376 -76.55838124805112 1
-62.891152088735126 -75.50094492820982 1
-63.237479511544635 -74.50058677517356 1
-63.594339884856595 -73.49058442010282 1
-63.85957410386677 -72.34217574373977 1
-64.07275653477313 -71.26417046866614 1
-64.240757736099 -70.09646989214752 1
-64.42737209942342 -69.0733013459716 1
-64.61588775839795 -68.07044788355256 1
-64.8705061989844 -67.04581122139909 1
-65.01221664513577 -65.96138533350744 1
-65.13546058791923 -64.91617129595265 1
-65.34605189545702 -63.84496094917448 1
-65.46752295840739 -62.79291864712746 1
-65.54958416663037 -61.57790797593705 1
-65.77145819778292 -60.53051049851225 1
-65.89436717300102 -59.43803545044919 1
-65.97751644743387 -58.432456827604966 1
-66.0355655910942 -57.319929155693494 1
-66.00686147491531 -56.253627669112824 1
-65.97837991052951 -55.14271115746293 1
-65.93569536287535 -54.094850366633366 1
-65.77673232971127 -53.09452790198371 1
-65.68828942650656 -51.97966932880106 1
-65.51907768316843 -50.82847432126474 1
-65.34543448694541 -49.78459821650273 1
-65.277179008002 -48.66346502873533 1
-65.15226389688873 -47.63209482362904 1
-65.03542249931859 -46.5676616175499 1
-64.85995507450116 -45.47276080564906 1
-64.58490724616152 -44.46289210189435 1
-64.20872627115008 -43.36455000848967 1
-63.97234851619622 -42.337889938185924 1
-63.68538442767185 -41.192149868366435 1
-63.37993113714235 -40.206667847267546 1
-63.04232101484156 -39.16297819063237 1
-62.670439142573656 -38.09447156455594 1
-62.40496959889509 -37.04360755172865 1
-62.07426221137964 -36.03523109361778 1
-61.73476925117566 -35.05071425556285 1
-61.380354879815194 -34.03377987254161 1
-60.955081566432696 -33.019087150847426 1
-60.53708786829044 -32.09465250528923 1
-60.17731045785674 -31.144176588782614 1
-59.86594069453919 -30.146702835661007 1
-59.509275126533794 -29.208776284214302 1
-59.09942882770483 -28.28965828048069 1
-58.62159116080178 -27.38769817999548 1
-58.00220851495568 -26.551707513637368 1
-57.35667178349747 -25.6056085381697 1
-56.85116332363435 -24.68147176850705 1
-56.32350685288482 -23.825228264444426 1
-55.703795146218305 -22.953466521961445 1
-55.018388271750965 -22.10092816428555 1
-54.31651046716142 -21.29371191831495 1
-53.61220905624753 -20.439819832001664 1
-52.94620704228587 -19.641429080808834 1
-52.29302541479171 -18.676488295673995 1
-51.61823337326421 -17.784658769747004 1
-50.87024002158689 -16.89281961944002 1
-50.12598472281582 -16.11183057798298 1
-49.35821006934573 -15.283685752083409 1
-48.75947486699121 -14.434913894400976 1
-48.042202700132904 -13.649971655916184 1
-47.295009619769296 -12.843924811385094 1
-46.49547537942554 -12.171328800889336 1
-45.67618746428878 -11.37798099421796 1
-44.92157618511373 -10.701943272330256 1
-44.09034198098768 -9.912059454755862 1
-43.31290251672601 -9.118795457549053 1
-42.4087822639211 -8.494289551697513 1
-41.50485305354284 -7.8469951872944 1
-40.659518115291164 -7.3071416929599415 1
-39.77264440537684 -6.799739377412225 1
-38.82884359424569 -6.219241269585651 1
-37.858286515086995 -5.663822650956546 1
-36.90576884055814 -5.08733529412634 1
-35.9849425304305 -4.541543735097543 1
-35.04903429865082 -4.026455032403741 1
-34.02668620266136 -3.6821819648488403 1
-33.05059224774865 -3.292648415373765 1
-32.08822420283143 -2.9984632554607438 1
-31.009687874115052 -2.58901159891923 1
-30.058066462126344 -2.2004445909405734 1
-29.08652422500695 -1.8629805679547191 1
-28.1063369412878 -1.5751240735118799 1
-27.055656323373817 -1.3254037613411678 1
-25.99134743293363 -1.0488713180489477 1
-24.89850084459461 -0.7977926387237843 1
-23.833491711995038 -0.7173757636342999 1
-22.776707457362203 -0.5236242730209268 1
-21.721115616886294 -0.3440753318524261 1
-20.569434656362073 -0.055309925113183 1
-19.507531314764936 0.1436592776803296 1
-18.390189050837304 0.29850898741481346 1
-17.39153838083327 0.4500714400748007 1
-16.386414573702694 0.5437268762075651 1
-15.380519847984116 0.6601570693146479 1
-14.278758687912015 0.7631202417960383 1
-13.199713622882967 0.9513686829744776 1
-12.208937029789189 1.1664545619270856 1
-11.163587350865624 1.2027195099046601 1
-10.147085270037028 1.1883753989213424 1
-9.024318056740334 1.112663526263486 1
-7.955328579314649 1.0774678314672468 1
-6.877836846909505 1.2239494084769253 1
-5.780365694268413 1.2761986729132713 1
-4.680688380019909 1.1473021943781607 1
-3.569638339067514 1.304114011088156 1
-2.402179739312796 1.3649109782802689 1
-1.3996576663647402 1.415771329802785 1
-0.35129166342220686 1.447694184819965 1
0.7367445183133109 1.5427764302660378 1
1.7577754462867134 1.5639241097668366 1
