1.064868959830151 0.20236551702457414 1
2.0489395062353295 0.6049519100157603 1
3.162085216788588 0.9716335562676914 1
4.2324364458694435 1.3229098435638131 1
5.32072226294306 1.5281751080778487 1
6.407499415816413 1.5876666155866357 1
7.508853204933509 1.5684300007371137 1
8.513544093298664 1.6564934847886945 1
9.534569691007327 1.7533820606349622 1
10.659487987120741 1.8653125309632435 1
11.84187804559618 1.9807719802995276 1
12.914291099427892 2.0908222449328657 1
13.99007310509389 2.0956591493298635 1
15.002832414744004 2.1555503593742857 1
16.119288174272707 2.228099723185658 1
17.21400147641271 2.3089074936234253 1
18.350213596196443 2.368835832608319 1
19.388229200137552 2.495506128405408 1
20.42897740920904 2.6477919350747263 1
21.462792943032703 2.738560247838054 1
22.580013480157955 2.8588805390412224 1
23.661118120940824 2.9755197909512416 1
24.707266108316222 3.007840565812959 1
25.71713712221472 3.1172002862294415 1
26.78109627603916 3.173644981693036 1
27.879907938589238 3.284694990128501 1
29.054541861717535 3.3836734302070464 1
30.135342932660524 3.4829440439865533 1
31.25096184932133 3.6023908693736173 1
32.37228727659896 3.6658377817861107 1
33.49856783013397 3.7877152008696156 1
34.55508798744969 3.895712075195989 1
35.6254205437349 3.9390607068063312 1
36.68713751431293 4.032166461924989 1
37.79082451106496 4.119781145854465 1
38.87870122408888 4.172465820569417 1
39.91083663122093 4.1979308752180975 1
40.95677146536661 4.2727218763528025 1
42.013461086717925 4.346567757990324 1
43.09609565963254 4.430992306230602 1
44.16980477625615 4.494458121474175 1
45.31657490380059 4.569474078686295 1
46.474579365332836 4.679152805369047 1
47.73358964126559 4.75577296333339 1
48.75534276248239 4.8155179516832085 1
49.86895991239023 4.925731033803096 1
50.995466546215006 5.0231098922692965 1
52.13510431884385 5.112488467682605 1
53.22963388709184 5.189881551398707 1
54.283015415340884 5.28795328287281 1
55.390605023826616 5.41159793382802 1
56.46735578155252 5.520163738717793 1
57.589960332496794 5.5765671109129595 1
58.72237534910028 5.6685239277301775 1
59.73709292888285 5.7390297748298575 1
60.84788842794841 5.8565536907934685 1
62.0162489610132 5.943847035806933 1
63.036651634448525 5.997730644788797 1
64.15030395319798 6.098653552982576 1
65.40150072866034 6.263688444193755 1
66.5437718057798 6.404432290083873 1
67.54232307386943 6.505617257643205 1
68.56494958496464 6.5815332494876975 1
69.5810713968556 6.657162437859563 1
70.66172408750398 6.740905176474466 1
71.69847787808195 6.84066319479315 1
72.72805448307737 6.862389239193958 1
73.77109500935813 6.932261884035342 1
74.80625622371275 6.958698146836773 1
75.80734074908659 7.01871031213302 1
76.8082155579061 7.03259204366335 1
77.90999552846102 7.067977445553146 1
79.01175999992026 7.14859333943518 1
80.07864834738068 7.152563966846439 1
81.1397800560077 7.217456494164812 1
82.25171097139764 7.264136073699651 1
83.32484245026522 7.302511767357192 1
84.3896145928929 7.334905289115502 2
85.53512056063498 7.397407387605196 2
86.73089773138386 7.546778392121033 2
87.91146102774348 7.6153989004409315 2
89.07941780029034 7.657234806411131 2
90.2371324154174 7.7216594530627045 2
91.37873396319296 7.7735061074013725 2
92.54647408238155 7.854517848793233 2
93.57882165036655 7.871488133382676 2
94.60964060320096 7.913344627227177 2
95.75694298248514 7.9330607443280785 2
96.88324082070046 7.873159471578319 2
97.96968079592305 7.770080404556769 2
99.00028673086891 7.700839012808304 2
100.01896900248511 7.534043082770562 2
101.00801618823411 7.329418871758997 2
101.99707971626361 6.876160718437746 2
102.85564705628119 6.3377106675021615 2
103.77685356254713 5.660697617084669 2
104.51951469921308 4.892943841766172 2
105.17177564719805 4.126032340099613 2
106.10340218270736 3.44930316178547 2
106.8218278852332 2.748265913265274 2
107.41172755049914 1.7816872104185044 2
107.96808273113045 0.9015876405353995 2
108.446740062349 0.02289345403047753 2
108.87389779306831 -0.9807201569416031 2
109.1923789869351 -2.0028980520638346 2
109.35320581082162 -3.0531471921980597 2
109.44821368275639 -4.070337304133608 2
109.54504811662031 -5.068867071965911 2
109.65880907733539 -6.105761768971673 2
109.7305114345654 -7.122510524678193 2
109.79020922848599 -8.123347136854226 2
109.85533815154994 -9.123875611162456 2
109.96845921904901 -10.194382411856646 2
110.06641124271201 -11.193941827710065 2
110.12805955567988 -12.233625522465054 2
110.19464427417542 -13.335009165913512 2
110.2621531244426 -14.429132867945764 2
110.34821543662372 -15.510684813258726 2
110.4122010918144 -16.586067193761114 2
110.4864907178326 -17.66503766677991 2
110.56936415143255 -18.70413267437438 2
110.63098022983219 -19.712687472214323 2
110.74713986427851 -20.731386474901658 2
110.81825609798892 -21.834817264233468 2
110.86822277313468 -22.93937701359272 2
110.9960195046609 -23.97898325203019 2
111.0969269162046 -24.978687340403447 2
111.18036278137227 -26.05614127911464 2
111.28335344051536 -27.101250355231254 2
111.39789490323338 -28.190592607031675 2
111.44196938539899 -29.219604878843278 2
111.54843693986818 -30.344419044578125 2
111.63118138872294 -31.396773369165665 2
111.68420298973308 -32.4136349448454 2
111.73916228036542 -33.4517675425234 2
111.87083980917845 -34.55832718099705 2
111.94450543520995 -35.653419216743984 2
112.0314383656573 -36.72136020541261 2
112.1236413812635 -37.81834323278141 2
112.20105939713211 -38.88366471187571 2
112.29955700379908 -39.9193668780887 2
112.37682292987832 -40.91883383198048 2
112.49709952578738 -41.971712733940734 2
112.55557414498443 -43.05500928606853 2
112.62384706868102 -44.176051629449326 2
112.72886971142887 -45.3098695935977 2
112.81150086097209 -46.33852413797688 2
112.92041766273454 -47.437284430879345 2
112.976441003814 -48.510968295468054 2
113.08509337215389 -49.60030600815346 2
113.15976390704768 -50.704907212549905 2
113.20243782096648 -51.76345878541516 2
113.3115741497136 -52.82815383857933 2
113.40133526667375 -53.83248980362576 2
113.49509404040579 -54.939902686363425 2
113.55176837539067 -56.05579814668264 2
113.651199901633 -57.12470401849093 2
113.7425795681874 -58.213144736416275 2
113.80556342563624 -59.36435921275455 2
113.89596081136945 -60.425976597787376 2
113.94650032747717 -61.45293311939359 2
114.02918469693823 -62.54734144727365 2
114.11697907052327 -63.62451193904448 2
114.19030837101052 -64.70625998008678 2
114.34064420098414 -65.80651573808065 2
114.3927155756899 -66.81235771971906 2
114.51000491778018 -67.85795860420957 2
114.63336925103192 -68.86187361224442 2
114.74143798294133 -69.89142192337019 2
114.866435588321 -70.94966455663065 2
115.05082288849873 -72.01320434339877 2
115.1876578386736 -73.13576784407225 2
115.29108866083074 -74.13617337897583 2
115.42336157978447 -75.13364763433081 2
115.5339698790662 -76.15449927688852 2
115.68967135057923 -77.20129376865364 2
115.8504245484736 -78.24993084382531 2
115.97415716264284 -79.30201565093827 2
116.2312225527045 -80.44053893606093 2
116.5508014020773 -81.46223250452229 2
116.79598095267943 -82.48490271023917 2
117.05086165864896 -83.4738542200312 3
117.38514654311618 -84.53748155895967 3
117.70954284128531 -85.55486552303489 3
118.06791781298071 -86.63200796920908 3
118.47537869323891 -87.69810324956761 3
118.83595169985573 -88.74878799723388 3
119.19095111729979 -89.7472339756032 3
119.60283788349885 -90.79665313690936 3
120.05660909444673 -91.69086192990186 3
120.55814866538968 -92.69147311794787 3
121.01835181729294 -93.62613679526136 3
121.48919259166122 -94.6617313541557 3
122.00726716297781 -95.63686940189557 3
122.59077218333817 -96.55281578781292 3
123.21248112736919 -97.510095370429 3
123.78290048488907 -98.42900888811373 3
124.40356491529015 -99.27201621208918 3
125.04987588824201 -100.16048179580504 3
125.63624679834099 -100.99723900775084 3
126.28034672631055 -101.77622494544633 3
126.94037275361852 -102.60091168054646 3
127.57637248479556 -103.37513802395543 3
128.30193073696438 -104.14546932233988 3
129.01684754943375 -104.87247240507378 3
129.73341238868105 -105.60693291907357 3
130.47880204280835 -106.37709470909445 3
131.23170279010625 -107.068747184351 3
131.99679086643053 -107.79522888922706 3
132.81885579130542 -108.51956136777481 3
133.5710206339819 -109.2098611553098 3
134.40337417968811 -109.93778476598087 3
135.22071820606257 -110.65097524193587 3
136.06220051672346 -111.26034902053216 3
136.9798948081951 -111.92824872880261 3
137.80427485094813 -112.58502314812918 3
138.64420358920088 -113.15452819751508 3
139.56443145650982 -113.68483110100259 3
140.4626901485978 -114.16926342406182 3
141.37264300507212 -114.61529402744894 3
142.40098551905257 -115.08983373022305 3
143.35772346234023 -115.52983061063497 3
144.33753306880203 -115.92566915423225 3
145.3168841126332 -116.37600330481482 3
146.40363210144895 -116.76636714019794 3
147.45026785221873 -117.18799998631329 3
148.51487488972202 -117.55575302560473 3
149.5391677146235 -117.86263315741327 3
150.53469855322194 -118.24381250669698 3
151.50190671586543 -118.57509769862615 3
152.6607637653998 -118.85577427421032 3
153.6542283922598 -119.08151533790655 3
154.64674399995096 -119.35206353765112 3
155.69284057946444 -119.54331424821352 3
156.80286412082356 -119.73201311762635 3
157.90479178399357 -119.91067105400063 3
158.93204327123772 -120.08395206098669 3
160.03230063151463 -120.27778409386414 3
161.17188384542916 -120.36009109383069 3
162.2825088743297 -120.46468536180868 3
163.41532031884853 -120.5456674111935 3
164.48805351279307 -120.65011596845802 3
165.54913757308572 -120.66051202278251 3
166.62798644018207 -120.70505744825775 3
167.7582965122308 -120.73001449695535 3
168.78681157365062 -120.72079770634213 3
169.80968265798865 -120.67644268136377 3
170.91588215983 -120.6157214877598 3
171.926561683815 -120.56776033964165 3
172.9739741721241 -120.53525383244573 3
174.07857013967956 -120.46637112117476 3
175.1178029594575 -120.43720122292274 3
176.2674825555139 -120.37364735708535 3
177.38214277372916 -120.25562906651025 3
178.39046662838186 -120.13931060823543 3
179.5182440426208 -119.99130313083658 3
180.51261780551235 -119.85409923044803 3
181.6199079539131 -119.72107967381635 3
182.7200211905551 -119.55106563697419 3
183.73783166696154 -119.36653104561064 3
184.80002436025254 -119.10331693908599 3
185.78895803108452 -118.89856325668774 3
186.881800430556 -118.67211995166473 3
187.85419106161058 -118.40217436621913 3
188.8798015619704 -118.16449400889293 3
189.99550614673487 -117.88344195062353 3
191.074032998541 -117.62044970611262 3
192.16407147950824 -117.35085328852901 3
193.15372733684964 -117.11510142396598 3
194.17861328348172 -116.85709668829887 3
195.26476215353543 -116.56438407366049 3
196.34134666304217 -116.16069801105236 3
197.40271024617965 -115.76208592422735 3
198.4490441350908 -115.31986433908615 3
199.45797577996674 -114.9097913529458 3
200.49621840186128 -114.43107881862387 3
201.44036321433194 -113.98044827992905 3
202.48756397993353 -113.46886814382148 3
203.44305478378578 -112.94717477805084 3
204.46069002331745 -112.41441050545475 3
205.33863407017085 -111.91808057025119 3
206.3102782834548 -111.37042410923152 3
207.19643366019508 -110.87807886222211 3
208.08186542373335 -110.38701979178362 3
209.05436954860275 -109.93994685537166 3
210.01921169787946 -109.58921079526678 3
210.94772879811953 -109.1773244066173 3
211.96843980042647 -108.79951365865932 3
212.94941386185934 -108.38276017580017 3
213.89139972118844 -107.99835820940112 3
214.83603246071937 -107.61569987852933 3
215.77080658383466 -107.13736195265658 3
216.73538858903638 -106.64676615108652 3
217.68983183963653 -106.07376611465759 3
218.57934717026822 -105.5356020775563 3
219.47649386410396 -104.96129313103641 3
220.3663175543479 -104.40073047624591 3
221.23349401900938 -103.79719846767529 3
222.13473847333717 -103.09416725327574 3
223.0069273163625 -102.5636268182426 3
223.91315708103707 -101.95775120377102 3
224.75566574777454 -101.38603030918773 3
225.6741417410248 -100.74308835062891 3
226.6023800511273 -100.11305168350728 3
227.5361627569172 -99.47512008443785 3
228.37773389774878 -98.90018749557701 3
229.31789000984375 -98.25116331567072 3
230.19087934255103 -97.67072191143293 3
231.0890133208401 -97.00528276315153 3
231.95683155534644 -96.47025359703517 3
232.8599608577712 -95.89155616401965 3
233.79497609220854 -95.33713925270874 3
234.67695923565165 -94.77278895689255 3
235.66125060321212 -94.195913169037 3
236.64201234476369 -93.59929964234512 3
237.488643921751 -93.05744005891407 3
238.49435383103585 -92.47112925014795 3
239.38281458276984 -91.9055494839701 3
240.27177426191992 -91.35624816333066 3
241.24001528888053 -90.77452175325371 3
242.21895892166012 -90.11781034247608 3
243.12205977111952 -89.55899288382479 3
244.0868506552571 -88.97605411169286 3
245.12448240603032 -88.41962426924597 3
246.13879955424332 -87.97288955074907 3
247.1990902363443 -87.54575085338026 3
248.2558659915411 -87.17306227835536 3
249.2720756972112 -86.88130231527339 3
250.33401388933768 -86.71499984150493 3
251.4254470931038 -86.81872246225593 3
252.5042953858558 -87.0941319497353 3
253.46141314928877 -87.5750808184959 3
254.29635617900075 -88.21508655261644 3
254.9474901437199 -89.01348326606403 3
255.3220286325736 -90.01163013349213 3
255.37956643539007 -91.07013497663308 3
255.2738029096696 -92.08947292487515 3
254.97830257893656 -93.1076399092611 3
254.30658076282856 -94.0316386160837 3
253.47329652996788 -94.80643124743577 3
252.5103458503912 -95.46482760795404 3
251.67845113516915 -96.1754600752585 3
250.85454008698434 -96.83340576822245 3
249.95623610000112 -97.374665487874 3
249.0402576331743 -97.94736296536155 3
248.16087064376572 -98.45305880353631 3
247.3068368922129 -99.02777454359817 3
246.4421675128607 -99.61171424399662 3
245.59381100703237 -100.20383150028071 3
244.77321433030147 -100.78191177227325 3
243.92158733634486 -101.32785445316578 3
242.94613005631192 -101.92715073931245 3
242.08258001970432 -102.50471466854725 3
241.16150953768945 -103.06856607536481 3
240.23940891269905 -103.74782264896103 3
239.3413011661978 -104.3294269918664 3
238.42712629856445 -104.93249412617246 3
237.5853650825107 -105.52672228156968 3
236.6845737990635 -106.11320626050215 3
235.8137635900642 -106.61514489865534 3
234.97355579330522 -107.1641242691283 3
234.1138040455111 -107.71833806148248 3
233.2065090961424 -108.31176759632535 3
232.3107187958916 -108.92083488953178 3
231.35835248589663 -109.46932323529649 3
230.43655522088326 -110.0895686542405 3
229.58162484126 -110.63502878470406 3
228.6603132309219 -111.1809186599748 3
227.7441962218087 -111.74197812459015 3
226.77234939341892 -112.34426187787834 3
225.82995288355863 -112.99579569694228 3
224.90576819655004 -113.55177369045069 3
223.99482617579778 -114.16046638682685 3
223.11835377096259 -114.78465534525681 3
222.1820353481903 -115.41376539914747 3
221.27538070782077 -115.92878503942562 3
220.3259735589232 -116.55598607862044 3
219.44887325353716 -117.05561306379894 3
218.5786079612289 -117.58223231769993 3
217.62416479474996 -118.19772177932963 3
216.75512301442302 -118.75879145278759 3
215.8242885021961 -119.39226146631883 3
214.93099646779808 -119.97129596126227 3
214.04392910624597 -120.51714172462187 3
213.17572179034036 -121.06765739278538 3
212.33949662532723 -121.65366818025468 3
211.4065130654145 -122.23130107359543 3
210.55297426268856 -122.76003292440004 3
209.6767441635025 -123.43062825210197 3
208.8161926794019 -124.04809690432491 3
207.85672282658768 -124.66300499199527 3
206.9808076546785 -125.28235242579268 3
206.03603032405766 -125.92559769333234 3
205.13442176324597 -126.53036135535604 3
204.20447273019693 -127.0865323135907 3
203.2455572054332 -127.67130840259408 3
202.4134179257827 -128.2313446541031 3
201.5004526170649 -128.80914779510044 3
200.65965310485814 -129.35267004066455 3
199.79270128851115 -129.9414671816035 3
198.88556072367504 -130.480659971301 3
197.99954913358314 -131.1049108222457 3
197.1416440754207 -131.65706760258934 3
196.28047435274067 -132.22305620199262 3
195.37373295732925 -132.79820292317976 3
194.45194177561686 -133.39541635018037 3
193.57047346705008 -133.9597572609148 3
192.6412603535685 -134.57985810164973 3
191.70418579489194 -135.20994941955857 3
190.73845438796562 -135.80996991888955 3
189.76082898593415 -136.43578989517403 3
188.92368583759068 -137.00645603533056 3
188.03270944889778 -137.52377346178275 3
187.06463878466943 -138.162136539063 3
186.13138074261883 -138.79125664373325 3
185.24627819529422 -139.3612863188091 3
184.32186110647854 -139.9569502860667 3
183.3164975967651 -140.56011050465858 3
182.44337282272423 -141.1455458434676 3
181.6427891409452 -141.75545472760288 3
180.7696755675443 -142.4428734557091 3
179.96691703981563 -143.05492988517074 3
178.97873315942678 -143.55544833477322 3
178.03274810160707 -144.09152161428227 3
177.07768818671806 -144.64400247347302 3
176.12612055321858 -145.19449807680417 3
175.21376292734118 -145.7861100411692 3
174.38482750137027 -146.35996405617493 3
173.51529551278247 -146.86069329682815 3
172.66136521122942 -147.4394656757697 3
171.71184933308214 -147.98487291091797 3
170.73408641169885 -148.5347269629372 3
169.8074446852699 -149.12541919152855 3
168.9273627176602 -149.69910998990088 3
168.0020043003202 -150.35081515612652 3
167.18272897401187 -150.92551458416136 3
166.23655717007784 -151.5256059558156 3
165.3379818679135 -152.13539170691388 3
164.35267995018867 -152.7364196556493 3
163.44455042283215 -153.22251816646968 3
162.504028872843 -153.76397816863542 3
161.51494706781654 -154.41353751182092 3
160.50062968017173 -155.0001808798142 3
159.61155599705526 -155.4731897696696 3
158.5712021852901 -155.97341794462176 3
157.5463099513115 -156.45976828267786 3
156.5218654783761 -156.9652591206077 3
155.59793750513117 -157.44815313062531 3
154.6845978767697 -157.95156031132592 3
153.73493090176137 -158.43293821461037 3
152.75125214327406 -158.90005795423653 3
151.78583583962745 -159.3185057358004 3
150.7589463315431 -159.7838839448341 3
149.80701620026562 -160.2227548543396 3
148.8334099078068 -160.60952067324044 3
147.85356971680403 -161.06305689040948 3
146.88432459581617 -161.46842659566417 3
145.85526431785533 -161.81543963119387 3
144.87219922650797 -162.2381851201205 3
143.85699843083904 -162.60808903501305 3
142.8634254692609 -163.05943815921083 3
141.84675469365996 -163.41753561342753 3
140.7889561754325 -163.78204704432466 3
139.75578300105096 -164.11707743532907 3
138.69992146745153 -164.52995809403978 3
137.61312700208933 -164.87404607862422 3
136.66272290907892 -165.20225122095286 3
135.65619445207685 -165.5828511549973 3
134.60643320196417 -165.75258081105457 3
133.55208397582297 -166.0298973654895 3
132.4361845164578 -166.19814261125543 3
131.4094070512246 -166.44245255789087 3
130.38461755435594 -166.61898272518815 3
129.38138682579137 -166.83394665259712 3
128.35034672199043 -166.99887858187367 3
127.28842523248498 -167.25266521639475 3
126.26054740472354 -167.4800583097606 3
125.25583386616984 -167.64095814343466 3
124.24464282892603 -167.93455519780585 3
123.17592055505646 -168.24674274030968 3
122.21996342064614 -168.54811252341761 3
121.20806426381773 -168.79434221766863 3
120.12757526366502 -168.96463725064658 3
119.01524520036718 -169.11337822771299 3
117.98790106420572 -169.30025676312528 3
116.88473042073657 -169.53536925965003 3
115.78472271088411 -169.66178791625578 3
114.7511504756665 -169.8115515440539 3
113.72588133860043 -169.9918824171227 3
112.62774177280356 -170.12456468655154 3
111.55172480106867 -170.27562527080423 3
110.45646270171991 -170.4108326484204 3
109.4509803209802 -170.47891830611871 3
108.40370425619497 -170.54712637517795 3
107.39096408174807 -170.567351768133 3
106.30740213705825 -170.6312189519025 3
105.27287474480175 -170.63020500377388 3
104.18964126439073 -170.6488066463684 3
103.18644135721402 -170.64759563915624 3
102.08671311937557 -170.6426363219178 3
100.96566049069693 -170.6394830440239 3
99.94656491839686 -170.63857072904892 3
98.93274826291778 -170.5467728205926 3
97.87018238697982 -170.4885714976782 3
96.75995925906072 -170.40625179671787 3
95.68398917115934 -170.33004455788125 3
94.65497027027577 -170.2246449784564 3
93.53951650280234 -170.09132992146073 3
92.50271233041697 -169.96527055431966 3
91.4803843458492 -169.8155459795362 3
90.4624353966503 -169.6142139578439 3
89.45626738602876 -169.45679167150303 3
88.34458374139143 -169.2881639787887 3
87.30345653027572 -169.07687995888728 3
86.25259568282499 -168.8950077266984 3
85.17251466580298 -168.74536223305887 3
84.03402315685707 -168.54982671255988 3
82.99768643868757 -168.38578872243403 4
81.92904888630206 -168.15753111222844 4
80.88759103481954 -167.92572680313165 4
79.86233400352627 -167.73450150985178 4
78.83704381198162 -167.49074317280943 4
77.67465520498308 -167.24564492360633 4
76.70087583546584 -166.90892604744823 4
75.64725909324922 -166.5824646253857 4
74.65916037040783 -166.27080764890667 4
73.64738949066536 -165.97276659758637 4
72.69223926815918 -165.6682986262898 4
71.75175628653608 -165.2962665839696 4
70.71990969355944 -164.8888089130211 4
69.71328599994138 -164.5206428508268 4
68.72629471362181 -164.14131918447075 4
67.74448258325658 -163.7815359179288 4
66.80587221068419 -163.41652310984196 4
65.85281166091755 -162.98943570873104 4
64.86265145123744 -162.5673454380307 4
63.801436173705575 -162.12834461212418 4
62.73930868714519 -161.66512626903685 4
61.78490841411473 -161.26459086501765 4
60.85563372338736 -160.84657286387306 4
59.86200926615557 -160.3907930387521 4
58.95952687414844 -159.95921228772625 4
57.98526472314439 -159.46474571921482 4
57.0876106515764 -158.9843545256457 4
56.16205726060219 -158.46194162380712 4
55.26135282806748 -157.95400077210695 4
54.30823623952825 -157.42505702573064 4
53.426856481380405 -156.93775388408778 4
52.4298497578395 -156.38624729842542 4
51.514421945263166 -155.87794899140613 4
50.54253727609647 -155.32818084606802 4
49.56029978396012 -154.78410905872374 4
48.63303155291573 -154.26039585043736 4
47.69381226445756 -153.73165700366974 4
46.81277533106397 -153.2302122324908 4
45.89438813603247 -152.71081431327084 4
44.99159752252133 -152.19618683752756 4
44.058529036906464 -151.67326296184947 4
43.13165870400516 -151.14611162395417 4
42.22698226697947 -150.63692344944988 4
41.34571694846412 -150.13860214068322 4
40.44560284189102 -149.63613774171426 4
39.54216713666903 -149.12244239572973 4
38.593106099118586 -148.5868895453237 4
37.654908175182214 -148.05005756660825 4
36.729069087496484 -147.5217492460451 4
35.84575497663058 -147.02548656977 4
34.87339993564499 -146.4633024466354 4
33.9861936167396 -145.96089370619188 4
33.02082137921919 -145.40718567902513 4
32.09308088367112 -144.88470020921167 4
31.22008155446388 -144.38791190814885 4
30.27261752216817 -143.8487558088987 4
29.28030152136603 -143.2862769152147 4
28.356741222491113 -142.7627239057903 4
27.3890358597065 -142.211505779812 4
26.50494833145713 -141.69961897879784 4
25.59965896825056 -141.1819823534727 4
24.65360026232821 -140.6445381338556 4
23.712868087298546 -140.10765323146614 4
22.771314630038233 -139.57352420232198 4
21.821925341070596 -139.0293518850806 4
20.760851142290843 -138.43376584052567 4
19.83739890285609 -137.91839466177265 4
18.88965214253771 -137.39545775497606 4
17.97783296615646 -136.8529202675848 4
16.967098044589342 -136.27092210484267 4
16.00214856834263 -135.7152233622445 4
15.07538267172705 -135.17594355206163 4
14.199490830581526 -134.67523753804025 4
13.245369073186941 -134.12385781806657 4
12.347650412058762 -133.61127211498808 4
11.415529295280495 -133.07775717175488 4
10.48614690246456 -132.54383957296 4
9.546619641442922 -132.00974530211343 4
8.561536868145481 -131.45318374672524 4
7.614320716360454 -130.91308332097594 4
6.742874271979201 -130.38449576717207 4
5.825008429850359 -129.8404366048538 4
4.84530442283777 -129.29388986890046 4
3.8699755158382554 -128.77283750709523 4
2.9374386555424343 -128.28301358532275 4
2.037191282380406 -127.83683528054132 4
1.0829196553559977 -127.36230395856856 4
0.09742255706549857 -126.87197414048417 4
-0.8071164534994173 -126.41249948528268 4
-1.706222446279728 -125.92556478169028 4
-2.5951818117961185 -125.45301744225095 4
-3.562945963975102 -124.9203450956752 4
-4.5569037441071245 -124.35835337009587 4
-5.430955260158027 -123.87174617539085 4
-6.34280337351315 -123.3440979298511 4
-7.218550867435351 -122.8363673532812 4
-8.171835860367317 -122.28201465518701 4
-9.156142027715669 -121.71661708529325 4
-10.064271944527594 -121.1809652759232 4
-10.980038759718946 -120.63821546016806 4
-11.934649705108072 -120.07570398684334 4
-12.816266782432312 -119.55544168374863 4
-13.69489723231514 -119.03878534804734 4
-14.652718830194207 -118.48094597219702 4
-15.523109154111047 -117.96459730570886 4
-16.476025969631763 -117.40767488562616 4
-17.436591022908015 -116.83881219693833 4
-18.31027855855306 -116.33228072368493 4
-19.254008208913604 -115.77621992408855 4
-20.144069188761016 -115.25234601476211 4
-21.00870364720755 -114.7460989031722 4
-21.973915770607434 -114.18354317439369 4
-22.946423636135794 -113.60688960010354 4
-23.86122724397632 -113.0425739472163 4
-24.712345623335175 -112.47132559852392 4
-25.561756992044348 -111.91263401187224 4
-26.411063445851216 -111.35797212214135 4
-27.335259765637826 -110.82940358290084 4
-28.28632942814523 -110.36022567012752 4
-29.30311346093028 -109.84929313323715 4
-30.249808969153094 -109.40205455771361 4
-31.247697758872164 -108.95818656078174 4
-32.2161540541121 -108.53705695909495 4
-33.32204184777504 -108.06852379563166 4
-34.35033898665863 -107.61678908429911 4
-35.28297403707597 -107.22603103333915 4
-36.197683582731685 -106.78848563810848 4
-37.19012410219711 -106.2017797001802 4
-38.10363812745044 -105.6169150923518 4
-39.039368076763964 -105.02759277636851 4
-39.88281279568153 -104.48904459130813 4
-40.80847343525616 -103.89898367553519 4
-41.66902022010711 -103.31147979388784 4
-42.49378430094286 -102.62129369085967 4
-43.31614714684031 -101.89063765908676 4
-44.09028687038865 -101.2367929571177 4
-44.88574867174092 -100.51918184032421 4
-45.61816686928856 -99.82472829343907 4
-46.38425829625936 -99.16396210989123 4
-47.186953075517096 -98.3898942421593 4
-47.93365530457036 -97.65080659448958 4
-48.694464777929106 -96.92055376558302 4
-49.4480899891739 -96.17712858493752 4
-50.18504384341018 -95.48016420617405 4
-50.85635321740328 -94.63106931263725 4
-51.35101727566676 -93.75027738543909 4
-51.8665132724324 -92.81618616459916 4
-52.38679909675355 -91.94748391579304 4
-52.97700743777558 -91.00311069981545 4
-53.546974967188085 -90.10511035990021 4
-54.31885864815571 -89.19848780044008 4
-55.12829920744404 -88.35602736394118 4
-55.87670781584294 -87.52438337078931 4
-56.567025759408075 -86.73052861884531 4
-57.14300625836108 -85.90139530441768 4
-57.702301372258006 -84.9472356065566 4
-58.17718580198446 -84.06347913970436 4
-58.746890983534136 -83.13459752411524 4
-59.233790180966224 -82.17937514855069 1
-59.721124448501854 -81.1648156391665 1
-60.15390454419826 -80.2465406065809 1
-60.59749448118928 -79.3442782266884 1
-61.04005087971615 -78.40252409652881 1
-61.50943462510858 -77.38648900587805 1
-61.949344332703795 -76.30635982207973 1
-62.33867461838528 -75.32697927414624 1
-62.73363941711649 -74.30973817077727 1
-63.102400963758775 -73.30341406129433 1
-63.29810805204187 -72.2470080813475 1
-63.47863042744047 -71.23554761047352 1
-63.71729255826036 -70.18817557185125 1
-63.87549658714024 -69.14072372498688 1
-64.07196783700164 -68.04290218150055 1
-64.26192500333852 -66.93251623218387 1
-64.42720783864075 -65.82334014322281 1
-64.62710613874802 -64.79009128019148 1
-64.82438097686645 -63.69449860888426 1
-64.96148882529036 -62.66823793931164 1
-65.0962089653813 -61.502131246180454 1
-65.25354984355141 -60.399094445033256 1
-65.28381290283217 -59.34795087192571 1
-65.40790038230158 -58.264550886300505 1
-65.53410935721537 -57.158843567573356 1
-65.56781429559332 -56.06204824523746 1
-65.52494764153028 -54.92210882896553 1
-65.45240393636634 -53.88413064542871 1
-65.38756110259378 -52.843770346877236 1
-65.2012784971555 -51.75242671565881 1
-65.17933769178781 -50.67065170638748 1
-64.99424205110765 -49.632053792066436 1
-64.87230243229438 -48.56390839864001 1
-64.75014564033674 -47.56426695771536 1
-64.64839983787788 -46.530834688654394 1
-64.52294787682975 -45.46971523011659 1
-64.32123665821854 -44.4403899238133 1
-63.98019034733102 -43.45637946069623 1
-63.66629578524889 -42.417797738331714 1
-63.40092628114639 -41.43405816994984 1
-63.15637019235566 -40.33932960894656 1
-62.84253556780262 -39.30059537645525 1
-62.52134355375055 -38.2896603996482 1
-62.21168963494009 -37.30094020685755 1
-61.90872197758759 -36.307365064996304 1
-61.601453030068775 -35.35427350015215 1
-61.31454815372765 -34.36394237929352 1
-60.92012826956601 -33.40448110418274 1
-60.564610889156455 -32.43654623875132 1
-60.131805084466116 -31.403558167683858 1
-59.78853290620395 -30.43693886300001 1
-59.44349239514262 -29.460284147406394 1
-59.04310704127978 -28.533111331059086 1
-58.72622853031695 -27.52231897085001 1
-58.11346158713444 -26.585307525617228 1
-57.40109992518882 -25.705504494049865 1
-56.83501712766418 -24.825105642921294 1
-56.229947294010955 -23.83781847277029 1
-55.76833613318504 -22.87536508752115 1
-55.20489014718668 -22.04900301216668 1
-54.49332434610057 -21.229183267439797 1
-53.73892662924573 -20.413446850129453 1
-53.02490860805128 -19.61506836423311 1
-52.33952008147819 -18.762140888715148 1
-51.63730847628438 -17.979747981668503 1
-50.98606289824545 -17.125693054703035 1
-50.20200977119177 -16.30745487048193 1
-49.49568447014193 -15.39376092710882 1
-48.753792256718114 -14.495648511262178 1
-48.08959574749574 -13.72393958046491 1
-47.393846756894355 -12.911831435651994 1
-46.68919947758103 -12.176982956593147 1
-45.83365950876846 -11.464225471731158 1
-45.21078107702745 -10.657166986471113 1
-44.33341630099456 -9.889413055834224 1
-43.53222962292704 -9.092914689414707 1
-42.69207664341194 -8.441967217114641 1
-41.84387545478763 -7.78964527275186 1
-40.934062529329346 -7.140370477701732 1
-39.999977540254086 -6.5379713067560035 1
-39.136779469794355 -6.008898785563868 1
-38.19065957904084 -5.511397583827689 1
-37.2351604386947 -4.956494391085548 1
-36.30993681181006 -4.427211166895203 1
-35.40424238414635 -3.923618957230635 1
-34.34014957885015 -3.4076537733799714 1
-33.27672675590904 -2.8965073919794984 1
-32.27893517717625 -2.50235490136525 1
-31.19640430496129 -2.1771880667100856 1
-30.111571981739637 -1.7713939786012576 1
-29.157393055618055 -1.434795306974487 1
-28.18862795965632 -1.1275973794271337 1
-27.105349049012396 -0.8515317975197705 1
-26.018743632715893 -0.686413650970407 1
-24.96408992254103 -0.4677707978268536 1
-23.902838077697407 -0.22967844435927176 1
-22.7975665720495 -0.060918371665116045 1
-21.765367271768866 0.13819957358719392 1
-20.69924813415386 0.37365887916633417 1
-19.630504151546837 0.598778800018544 1
-18.56387516194315 0.7649361240170589 1
-17.457615067035007 0.9474665086872538 1
-16.334020494677578 1.1267477809461348 1
-15.336872109700119 1.2861631911500246 1
-14.283695314613254 1.4205466237574405 1
-13.18988503928219 1.5333701513558249 1
-12.131458717053144 1.652055238776036 1
-11.13487693062521 1.760193914432724 1
-10.050059475985728 1.7566555439626692 1
-8.941874720238435 1.723206616484386 1
-7.88207380748568 1.679559212853377 1
-6.788349294606642 1.703997196386959 1
-5.742110649608035 1.7537962926952049 1
-4.678088299112147 1.803903040097056 1
-3.6180837102411068 1.854354585262231 1
-2.6089533948709103 1.927606901560475 1
-1.602045767890087 2.0015580223172442 1
-0.5141351339623543 2.0443895789901294 1
0.548695217237654 2.1036839342004185 1
1.5522054218118249 2.1724655492811205 1
