-5.445599144583064 0.22119118085487913 1
-4.421699419721117 0.445137626869274 1
-3.297681579705669 0.6611771340161497 1
-2.226543838042244 0.8008156493090806 1
-1.1765865836700673 0.9328275478656671 1
-0.05026899639877058 0.9908812733765088 1
0.9894713133212161 1.077033579109237 1
2.058947600546185 1.187848409558215 1
3.187577410957906 1.2849291359837414 1
4.273789644172804 1.3297218084070113 1
5.322846871007472 1.4132268530615717 1
6.389823248993554 1.512416108286811 1
7.480874631850914 1.615017246482216 1
8.650850449422428 1.7209331038476652 1
9.72580222190061 1.8219615255171568 1
10.85529730560995 1.9193061553207431 1
11.91878713108264 2.0296271461127624 1
12.925410230316322 2.15226695003598 1
13.928367947951754 2.232557183728405 1
14.932033804037264 2.35985653940227 1
15.990604373649859 2.4230212730478873 1
17.099621543105293 2.564357262967341 1
18.237430444577527 2.6838985597517713 1
19.244960336226065 2.719377662212021 1
20.427628339926216 2.7948728037730306 1
21.515399033526045 2.8812818834921665 1
22.637179808226875 2.9880726747430604 1
23.702904838279238 3.0493092141326583 1
24.752086941535104 3.1067888765867986 1
25.808415461148932 3.2344276235511624 1
26.836869272044602 3.153002975216981 1
27.851207825875846 3.2034988997371494 1
28.94476287226332 3.3174192864012353 1
30.000836380311092 3.433241408902313 1
31.064025745882457 3.5295846368860326 1
32.21372360978707 3.6244075867773007 1
33.33433910086665 3.648202252210974 1
34.43102388430534 3.7404881478888554 1
35.437698017355444 3.8228956649915466 1
36.44884934590207 4.024072103122209 1
37.4759301749989 4.1345954633492195 1
38.588914356654186 4.406740082338216 1
39.593577783901864 4.475389891821678 1
40.739039486849826 4.361560145950299 1
41.85178667805656 4.410122610697233 1
42.85755249792699 4.475393581062762 1
43.8889098277997 4.515112124804881 1
44.88811655796819 4.580942769194175 1
45.942557727519656 4.605500575942662 1
47.00010859901853 4.784098153596363 1
48.00836285458753 4.818174189269111 1
49.095408014972 4.835006583961241 1
50.2158968791062 4.918582711842591 1
51.15529750482787 5.359461330903658 1
52.18426793994103 5.502721457471878 1
53.20700290713143 5.58850037704577 1
54.20896755894119 5.478167396306324 1
55.25895263250221 5.578141386108604 1
56.309424834793404 5.650015975944151 1
57.39223442589815 5.728582888030219 1
58.46306365737466 5.693521026329652 1
59.57943043584932 5.651955695055648 1
60.63032809733426 5.678457567159385 1
61.644139821093084 5.6011557619208885 1
62.64711966633052 5.7122201343310515 1
63.7833949908052 5.811987134557754 1
64.90602653037234 6.019087871633393 1
65.9793753027717 6.109991889195459 1
67.07508526831569 6.214211702864736 1
68.14006431050407 6.1932276816258325 1
69.18144539023874 6.266545917699335 1
70.2560345145097 6.435378868481087 1
71.38950104722849 6.379956927406922 1
72.45091694573298 6.539528387652863 1
73.59367120572595 6.4617035243565635 1
74.7212739995299 6.530671254830812 1
75.7480802229342 6.676046437661199 1
76.86415562284691 6.566076918224096 1
77.92724648835822 6.742526331388479 1
78.83355731753028 7.2500078320110255 1
79.95974886316303 7.325271881034375 1
81.07978189499262 7.504177179823522 1
82.24267754909069 7.628610449643059 1
83.36101169207971 7.67787972483695 1
84.37026112632951 7.786842276922931 2
85.36360520492069 7.916892137963624 2
86.43271640264814 8.143792124265442 2
87.44907315663912 8.238863208826078 2
88.46351687886617 8.32522763050004 2
89.50452455943739 8.380123312957782 2
90.54105805542449 8.40203974251118 2
91.54325941886565 8.454288115731952 2
92.60379497579987 8.510152297728666 2
93.62887858146796 8.576142314962159 2
94.74579394336871 8.70046462548181 2
95.89929221176756 8.6275058456873 2
97.05195400899183 8.432323363199254 2
98.12318058951496 8.410673723598434 2
99.13355404838377 8.194083046281314 2
100.12681536405711 7.9626192664619975 2
101.1299350068709 7.569036627283098 2
102.19317416591812 7.003465462854161 2
103.12805305731986 6.439003410938845 2
103.99296201127054 5.77451302549123 2
104.98098915726904 5.164159996612639 2
105.91275497837023 4.485091973174176 2
106.79931133816267 3.7559940705026924 2
107.55112829240744 2.8729471167190788 2
108.02850363989579 1.8750742354904821 2
108.56626816122 0.9704152386810831 2
108.9387653146088 -0.08264973442001877 2
109.15318315614034 -1.1390969474778794 2
109.32611998683177 -2.2252767788945915 2
109.44579107583597 -3.222859347200484 2
109.60535913315984 -4.303257379969016 2
109.789808561346 -5.392116545644817 2
109.74249811490272 -6.5290917393603 2
109.81274061138097 -7.584814840021849 2
109.85841978261321 -8.59833028212452 2
109.91429189924769 -9.670656095792511 2
109.98055756639074 -10.69002862835667 2
110.07182105247774 -11.748685539146802 2
110.2092983877748 -12.903729385485107 2
110.33942438830412 -14.010625731449377 2
110.47216925663744 -15.129069346743094 2
110.54227952499586 -16.164689831586273 2
110.65421756335832 -17.309196487968862 2
110.76360330567682 -18.355367127535406 2
110.90803034308742 -19.350151541586023 2
111.01256221017321 -20.35800073229179 2
111.09300967453113 -21.37287194803785 2
111.23684770392559 -22.49393378543714 2
111.32453814797533 -23.515560652660966 2
111.39801096724571 -24.58776215182457 2
111.45074770564852 -25.663636220405778 2
111.61458857609308 -26.71580974071947 2
111.7665545532002 -27.829934614063124 2
111.8610005363512 -28.88790293405002 2
111.98207086795182 -30.01498280794835 2
112.11955592824489 -31.191844007899302 2
112.22028396241515 -32.31776611486615 2
112.30224740537798 -33.32500825832346 2
112.32077619862241 -34.33050997073578 2
112.42116915206849 -35.51753399531978 2
112.53000476009308 -36.5163960122293 2
112.65169025033124 -37.52856039396215 2
112.74136642716485 -38.67292916804122 2
112.86474161841709 -39.78818608093414 2
113.02048046058844 -40.848294480843975 2
113.09916673423474 -41.8733346086764 2
113.18524587462295 -42.93000477204843 2
113.21059652461588 -43.952942382573816 2
113.21491114273931 -45.00068567020092 2
113.3203916945307 -46.03890383457246 2
113.37732596545142 -47.05318999615988 2
113.52061845881077 -48.07541458547283 2
113.58960305444957 -49.23699497690906 2
113.61999606667331 -50.43793083363422 2
113.66497965639851 -51.49301293656248 2
113.72554231383481 -52.49508783403838 2
113.81352161479337 -53.510452370242234 2
113.88630957340624 -54.58759926715401 2
113.98041766976587 -55.684945926067584 2
114.01639597949936 -56.79783240139441 2
114.04552557840334 -57.80563700993385 2
114.08981054180055 -58.846242621975215 2
114.1291413813405 -59.87758507868648 2
114.2106173597226 -60.97500449194899 2
114.32303976654521 -62.04757177491515 2
114.45059261729668 -63.11849780050316 2
114.55711530187443 -64.21004932182282 2
114.67735201292808 -65.2140490109013 2
114.78861837029046 -66.22092046824925 2
114.92186453456574 -67.21493127431387 2
115.06090044452574 -68.26218986876398 2
115.1904859851331 -69.25657071643293 2
115.2810284804693 -70.31791467691059 2
115.39018434205029 -71.39908078372994 2
115.51055071609338 -72.41870886666439 2
115.65625666371731 -73.48480271829865 2
115.78332259594968 -74.53792897957527 2
115.86857580894694 -75.66237929738136 2
116.02520421071843 -76.75408081195513 2
116.21524918576183 -77.80387788100265 2
116.41913151642044 -78.85309086792111 2
116.67387332546886 -79.94479668365881 2
116.91942336140285 -81.01921133724605 2
117.22056826498529 -82.03336924969662 2
117.50275810669932 -83.01666553987093 3
117.78822022470288 -84.06801650205036 3
118.17347920397427 -85.09691455210566 3
118.52886248943838 -86.17617952417353 3
118.97281771670471 -87.23142307160526 3
119.36641439362006 -88.19579453868184 3
119.79255447696252 -89.24483215419741 3
120.21947184794324 -90.19272549366914 3
120.69513873337915 -91.18349389936131 3
121.14300142834239 -92.25269178257052 3
121.66383224010232 -93.25966122861061 3
122.23745994368952 -94.2996087882619 3
122.77707741945697 -95.2541824260312 3
123.34577418300385 -96.17814585887173 3
123.94460674290137 -97.06422140865696 3
124.55804925552306 -97.99425609562289 3
125.20712509589063 -98.8405972019218 3
125.85782721271039 -99.63811497728747 3
126.54915590076129 -100.47720662639703 3
127.17880529442328 -101.26696823629683 3
127.81345615980482 -102.05499332292896 3
128.54523324225786 -102.84648422897436 3
129.21296698998236 -103.59127928843901 3
129.87675503763467 -104.36538106237124 3
130.61153121103087 -105.09799725079009 3
131.4337662783558 -105.80242351670253 3
132.239821156226 -106.53885137246068 3
133.059329158338 -107.25858937946784 3
133.87138789066012 -108.02476185602576 3
134.6659877964062 -108.73226194706046 3
135.52377450854814 -109.40242897091024 3
136.3464766897034 -110.0428430980953 3
137.21440616050333 -110.64887164683756 3
138.0278381189683 -111.24216218523763 3
138.91657311265928 -111.890159387287 3
139.82793013979457 -112.3975931112193 3
140.75247157320211 -113.08099253648138 3
141.68660566487202 -113.50614712947105 3
142.6140363349152 -114.00274935567376 3
143.59015956341747 -114.51282008862381 3
144.6012116034084 -115.03706173288884 3
145.62796984714566 -115.45568821571914 3
146.68820648857618 -115.8867468666675 3
147.6529697368167 -116.26328548922909 3
148.60257958963945 -116.60156798812498 3
149.54576974550892 -116.9513249968419 3
150.56255009812742 -117.31852276268737 3
151.59707663447207 -117.7295790657934 3
152.61140174143046 -118.02706293419632 3
153.6149500978959 -118.2797919011109 3
154.75584131816316 -118.59834936612883 3
155.81231642104217 -118.83217646364396 3
156.8565761467422 -119.06782588398531 3
157.916590350169 -119.12950480306884 3
159.00118399289147 -119.46636760636247 3
160.11718106339032 -119.6520248638823 3
161.2500307546775 -119.78331332848997 3
162.2907664118907 -119.82072276754894 3
163.38742575181203 -119.92923378553786 3
164.4435381776468 -120.10853099424938 3
165.4684169112574 -120.1616557257199 3
166.48391522570046 -120.23176820209675 3
167.5119145848342 -120.27458213743324 3
168.51131993758486 -120.45745803521287 3
169.62442015668108 -120.40970529416504 3
170.790142621907 -120.28263415603777 3
171.93012472335715 -120.21614197961746 3
173.06692936932967 -120.11032721901383 3
174.11343841288212 -119.99432734027663 3
175.1360741653087 -119.95381151124592 3
176.1639677441973 -119.79484481836569 3
177.17619398594647 -119.68991877446297 3
178.235320060339 -119.49889425338125 3
179.25343984085833 -119.24221374209854 3
180.2538847355891 -119.05646784817353 3
181.24375732703078 -118.84035279267334 3
182.24518966843124 -118.67117189396238 3
183.2465892001891 -118.52590452599722 3
184.27025922250192 -118.34773787928187 3
185.32567063839517 -118.09996603804349 3
186.37255329899315 -117.9066351613806 3
187.39714452545923 -117.74892921491987 3
188.51528880248287 -117.5379277628396 3
189.6338601073526 -117.31682284086695 3
190.6032255774752 -117.06907326681085 3
191.6723294370281 -116.67455153736024 3
192.74392349499973 -116.3049819722661 3
193.75803274540175 -115.8539184838494 3
194.80910020619888 -115.4389528063487 3
195.8984150817049 -114.9909937731293 3
196.87833895750387 -114.69488634957965 3
197.80700592181051 -114.31230670964949 3
198.82545154618734 -113.86371936765279 3
199.79992521675527 -113.49831733195961 3
200.85498621464535 -113.0889795080871 3
201.84387248049708 -112.73033084356797 3
202.7852627116078 -112.35146537375448 3
203.71857393681148 -111.9278904940966 3
204.64432057483128 -111.47835246364266 3
205.73795910376336 -110.89903048358522 3
206.74862983591183 -110.35707554269312 3
207.7458458982183 -109.89098585355967 3
208.75687235364163 -109.33995197440065 3
209.73254064666367 -108.80506791604859 3
210.61861010351947 -108.29019062249436 3
211.59156675759792 -107.75999741444649 3
212.47099881951823 -107.24740744029604 3
213.31573122939832 -106.63689783425544 3
214.20299142862032 -106.16504718139618 3
215.1615074794587 -105.63394280209866 3
216.12008460001704 -105.18554496491359 3
217.036339065883 -104.69454970262402 3
217.95539530490183 -104.2888393015628 3
218.9446289009536 -103.81775251239029 3
220.15480905480763 -103.43007260236509 3
221.19193142852595 -102.94513898040059 3
222.08390678394295 -102.46486534578693 3
222.92870063787308 -101.90497159810666 3
223.80343600116652 -101.31168009357033 3
224.68704993372944 -100.76699285612312 3
225.56337446422975 -100.24803098213908 3
226.50137627454902 -99.65973531611483 3
227.42636516466752 -99.08387566893127 3
228.27532187281497 -98.53081717341676 3
229.17055132862612 -97.92974338624651 3
230.10403693425485 -97.35332465733768 3
230.96180198398966 -96.73344529345192 3
231.92624625569218 -96.0994049742836 3
232.91651157873952 -95.47946820093492 3
233.85440754999934 -94.74452726284912 3
234.7853982258406 -94.17818457460493 3
235.69612618435048 -93.64058170652213 3
236.824041489043 -93.15823785853448 3
237.84998381787614 -92.77031093095938 3
239.01630669903102 -92.55454580238595 3
240.10413536338166 -92.42991802110497 3
241.24819462869567 -92.34801645383972 3
242.28577246775475 -92.15882991998056 3
243.32698683833513 -92.13522841434093 3
244.32652938336875 -92.21113427174663 3
245.40394819386293 -92.54559689054422 3
246.27939193239553 -93.11484459574905 3
246.60335955505343 -94.08905097634465 3
247.01821061628203 -95.10054872454386 3
247.0563590844773 -96.15368671418598 3
246.46094210206385 -97.01520301349137 3
246.00530736588507 -97.95680527327428 3
245.21389291863738 -98.62218384460114 3
244.39951156605431 -99.40691028875541 3
243.5203315670995 -100.08135161069413 3
242.88382984874264 -100.96662697775791 3
242.03067754932852 -101.63388075237421 3
241.02825148858807 -102.28708013270618 3
240.1777629325078 -102.94771654167465 3
239.35647913233512 -103.66818592580007 3
238.80445233020177 -104.64400951714148 3
237.9467204975953 -105.30037969491669 3
236.92019374835397 -105.60633971919326 3
236.0588854835383 -106.1559859094369 3
235.16335039039123 -106.75945458710041 3
234.29584865311847 -107.30813258843568 3
233.38647326229434 -107.9253340644372 3
232.470095208032 -108.54389958411377 3
231.44112425945076 -109.11723513890259 3
230.5561297775353 -109.71787248336291 3
229.67206477272 -110.34284085846126 3
228.6928424430029 -110.98925222493455 3
227.84298502303955 -111.6049490151258 3
226.97041088330997 -112.1987206016274 3
226.10697411297073 -112.8139044158147 3
225.3015245387485 -113.46004675777135 3
224.36422260276674 -114.06450934307892 3
223.42983006967478 -114.63593887672508 3
222.60009018633653 -115.21111398522733 3
221.7071159856209 -115.786467539883 3
220.84047184899254 -116.32218932470933 3
219.9484182614851 -116.88447849039564 3
219.03791783026395 -117.40197887867748 3
217.98275176952976 -117.99467104335761 3
217.0678733091117 -118.55018424259406 3
216.2136557116087 -119.16751824888095 3
215.24536772408945 -119.77682850676598 3
214.34721914363206 -120.4440741077056 3
213.49150414257886 -121.018953330581 3
212.61986913949133 -121.5672750335523 3
211.730155376457 -122.17719877177035 3
210.75721819502263 -122.68765729274939 3
209.91317915909562 -123.22807444815773 3
209.01296440622465 -123.75281842579918 3
208.14359741185152 -124.4641950145079 3
207.22958089527327 -125.08179273086378 3
206.3047791770857 -125.70594013696254 3
205.41018664498057 -126.34755032936499 3
204.50180847680267 -126.9637066499257 3
203.6453029820371 -127.49637319332749 3
202.68010189065348 -128.08251349382323 3
201.7625319335717 -128.68506277429444 3
200.84438904531655 -129.30265101096487 3
199.92208794230172 -129.9301724113444 3
199.06629854637754 -130.4894178888304 3
198.21837029198304 -131.05140073966118 3
197.2926068642299 -131.66527033378068 3
196.3495675345626 -132.30765909782866 3
195.3947698992037 -132.89303816197267 3
194.46373322191317 -133.5524979817926 3
193.60638075385185 -134.10647066464222 3
192.70149423619853 -134.69582050432226 3
191.7547853475679 -135.32564372150998 3
190.8854861450383 -135.8807370572349 3
189.88612742978387 -136.50485607938927 3
188.98509217847135 -137.0875709672176 3
188.01599950700532 -137.66790590193742 3
187.11335257408416 -138.29308570773293 3
186.15433144712168 -138.9088472233478 3
185.25992467326566 -139.53028914349272 3
184.38309750223794 -140.1072639296083 3
183.46791274245913 -140.79806815205603 3
182.59051661393778 -141.30581547872615 3
181.6889265745204 -141.82130191273805 3
180.7565891607782 -142.39694189181287 3
179.8433313162585 -143.0047144543408 3
178.90911734260948 -143.57508190416604 3
178.03511815492658 -144.0943082601214 3
177.1428050826868 -144.60364306534808 3
176.29977440043388 -145.15668327949277 3
175.42746454080591 -145.80575775251157 3
174.49979421027038 -146.39486494816072 3
173.65678473412342 -146.96375332985352 3
172.7298046544639 -147.45573337714546 3
171.71796326355414 -148.06042299821846 3
170.8593359684408 -148.70597629434056 3
169.99746472584036 -149.24127976331644 3
169.05551113847022 -149.8516255809237 3
168.03448653911622 -150.33205385466988 3
167.11364174652246 -150.9792700615845 3
166.01916516733755 -151.46689990210766 3
165.05004920267504 -151.8840175488628 3
164.08791065707544 -152.40751208060627 3
163.17352165218233 -152.86478404834503 3
162.11310368920957 -153.46089116806874 3
161.17907352513888 -154.12001169775183 3
160.15479462742252 -154.6997854271406 3
159.18199052151292 -155.14068186202437 3
158.17140569397816 -155.64165355865057 3
157.2177396241812 -156.21576004126473 3
156.21008200019807 -156.6860628649888 3
155.3233450581855 -157.20695319940108 3
154.28968285342094 -157.63363793271049 3
153.326823818003 -158.10154733785578 3
152.4493473510409 -158.59026658626374 3
151.5362626158705 -159.03860936862438 3
150.56344350790062 -159.48772012570143 3
149.55160216195551 -159.85183076825868 3
148.5334074694747 -160.19176171368142 3
147.57291042939016 -160.57289912879426 3
146.4865638739133 -160.96716730300344 3
145.4870027188656 -161.40453231044242 3
144.51125049264567 -161.81911846823934 3
143.45103605606167 -162.14938766939434 3
142.44835457130426 -162.4922875828022 3
141.32812129965168 -162.8765506615121 3
140.2764804288436 -163.28298048728405 3
139.2046072985327 -163.65703819711786 3
138.2320077293306 -163.9708340574812 3
137.24961170126457 -164.28123130330556 3
136.30008270241598 -164.60013993404715 3
135.30879680061764 -164.959568666405 3
134.23069280866622 -165.21624996769222 3
133.26100467306946 -165.5084797660369 3
132.28934381136295 -165.75296650740336 3
131.22852340694806 -165.9736792338137 3
130.26143132180948 -166.28096654472205 3
129.27080388815548 -166.52651715066267 3
128.2818311610154 -166.785076967635 3
127.2901222323899 -167.05998716795267 3
126.26987586751224 -167.20962325264296 3
125.25579377560308 -167.4338747862876 3
124.1329083661365 -167.65158030822343 3
123.05166201707074 -167.8297468445466 3
121.99616062243636 -168.14322817627462 3
120.85242081810766 -168.4496511841014 3
119.75327205570944 -168.60579784837321 3
118.65854929216844 -168.71047377665485 3
117.64706929818738 -168.84309096323742 3
116.59485396672615 -169.03673738987632 3
115.46942661495281 -169.21844661309532 3
114.46587117272355 -169.384103250866 3
113.42163145499111 -169.489598205865 3
112.38265228594616 -169.55066533181503 3
111.36174417410517 -169.65008997923172 3
110.34111655345836 -169.68526829429564 3
109.13287186660843 -169.7135913890167 3
107.96596678659998 -169.77441963784347 3
106.8445475110522 -169.8294586662583 3
105.80191421965637 -169.80284844251477 3
104.68292140444927 -169.89493513260422 3
103.58367112088186 -169.877562991019 3
102.56458558394289 -169.87531164937144 3
101.5328315249295 -169.7411908306238 3
100.5107582718113 -169.690122922228 3
99.38030184432284 -169.61790198196303 3
98.248497984023 -169.53704203638586 3
97.12311248287905 -169.462680108945 3
96.0994127212906 -169.44063112645304 3
94.9670311660601 -169.46030373404105 3
93.95582645063915 -169.33053820822664 3
92.81315336035912 -169.2724827723997 3
91.67874609054414 -169.14520461890848 3
90.67217776954627 -169.01374582348052 3
89.53307571355364 -168.81659536467004 3
88.41886281390956 -168.73180224145463 3
87.41499703253584 -168.5730291948634 3
86.32920827764255 -168.54262388779375 3
85.22744369494164 -168.36888029930537 3
84.15247493277077 -168.16853900289593 3
83.1317072327828 -168.13583884705693 4
82.03723864191223 -168.02873701360448 4
80.97896775814183 -167.9013244581337 4
79.88193515794751 -167.71596029823093 4
78.89806217654487 -167.48315069133037 4
77.93452278570508 -167.13983330786724 4
76.86408764366593 -166.6894164241163 4
75.84667230122858 -166.37452021179845 4
74.80501092880463 -166.03792502154758 4
73.84143614714961 -165.75443643702212 4
72.79921359847532 -165.43028940931214 4
71.81715883716457 -165.1409152740469 4
70.87187959339094 -164.7854784168648 4
69.96912800550655 -164.34968484014504 4
69.06552107467922 -163.87035730610748 4
68.04814690289894 -163.3909940532152 4
67.01847547043627 -162.92382266015593 4
66.09222259450806 -162.53586713263618 4
65.16264415232108 -162.14584847151613 4
64.16120950221878 -161.78214292510455 4
63.20395918281613 -161.3963696327362 4
62.14356714814992 -160.92335825320464 4
61.057712131433775 -160.43991501097284 4
60.05533667754686 -160.0065483977296 4
59.130761460387276 -159.56274802968974 4
58.11952370424768 -159.13048934307952 4
57.088150589670406 -158.65582542016568 4
56.1146922644349 -158.1710065865274 4
55.108136338395674 -157.67327160107774 4
54.12434712325355 -157.19403681989078 4
53.187129487180755 -156.7273567538431 4
52.30219412865019 -156.21238701494644 4
51.40081426610249 -155.52873459144564 4
50.48353053057791 -155.0660652575843 4
49.526381918790264 -154.57194955047572 4
48.54873399494244 -154.06646691934083 4
47.58646592668053 -153.60767328046418 4
46.598850510367264 -153.00459788849335 4
45.642238672014784 -152.44752849868303 4
44.71261494106739 -151.91909598122118 4
43.804123168325965 -151.4147255246847 4
42.89548309956171 -150.90412262409225 4
41.92600580574422 -150.36273340448295 4
41.04840167716049 -149.84486148589855 4
40.095503605669066 -149.31094299431385 4
39.15863981711061 -148.77731494220643 4
38.20750765893012 -148.2361687793745 4
37.3178052130488 -147.72466768523637 4
36.323734345473895 -147.13720325218594 4
35.41621283637938 -146.6054805410346 4
34.41018880325212 -146.0391375126649 4
33.49328803290243 -145.5091661370281 4
32.62370836756786 -145.01320887638846 4
31.734826447980687 -144.50397234706702 4
30.739430195218276 -143.93921567963636 4
29.83271936158519 -143.41711153741952 4
28.84143543871633 -142.8498332065781 4
27.93033535932979 -142.30734361771022 4
27.017637928947448 -141.76650798855027 4
26.102971345626596 -141.2332118928631 4
25.17759534653205 -140.6928760639032 4
24.308635188347857 -140.17954848028486 4
23.363659902154687 -139.63407999641413 4
22.426567242411082 -139.082047475415 4
21.53975416481612 -138.58946539429672 4
20.58016358281026 -138.02713243407828 4
19.655300736730034 -137.50085539521032 4
18.76967659921247 -136.9980325960807 4
17.791286320938525 -136.43130760115986 4
16.842911280851133 -135.90088946559422 4
15.957272848189588 -135.41161838219242 4
14.959738158706703 -134.85722086983063 4
14.016784403621642 -134.3363270339414 4
13.143337156324344 -133.84752702727363 4
12.104748605689084 -133.2742023875617 4
11.071186159998577 -132.70903210608256 4
10.132732358871937 -132.18379005924075 4
9.14060693403539 -131.64138324468405 4
8.174752700078155 -131.1147717421149 4
7.165262573697348 -130.5554810248448 4
6.286636733459343 -130.07752579168937 4
5.3191380572732285 -129.5554074702164 4
4.341744558841514 -129.02046277410605 4
3.4593377928882063 -128.50258686364717 4
2.473963148859137 -127.91765295033977 4
1.5669261925089568 -127.39854030407966 4
0.6383210004703432 -126.8690411475954 4
-0.34786457472958077 -126.31467838167629 4
-1.3363513188732115 -125.74414000631262 4
-2.224646247670474 -125.25025102381153 4
-3.203371623432555 -124.70646736078345 4
-4.144000661360973 -124.17664309506542 4
-5.156489417249599 -123.5829673787283 4
-6.017023067490125 -123.07094659401413 4
-6.965199654543781 -122.51493750120488 4
-7.89612653725822 -121.95284910856422 4
-8.859462783356685 -121.3724179623372 4
-9.761623695198463 -120.82806315871345 4
-10.707553185016316 -120.25267203341991 4
-11.700021211226197 -119.66875183633107 4
-12.722038536230752 -118.98042189207 4
-13.47713671054247 -118.15305585572605 4
-14.357084321518633 -117.4314031503604 4
-15.25346011520552 -116.71019563423049 4
-16.14653138484761 -116.18836338804158 4
-17.1490187722592 -116.09960887645133 4
-18.27549468132694 -116.16672880176836 4
-19.271984239536074 -115.84771996280739 4
-20.05482980525911 -115.19102084834323 4
-20.76243033998619 -114.46427783087812 4
-21.712172829358952 -113.8770346515677 4
-22.682962616006986 -113.2878160496658 4
-23.669657019949177 -112.77510128431533 4
-24.714552594828362 -112.20059950523436 4
-25.633861535778227 -111.71474805513627 4
-26.554932128174173 -111.22667514556503 4
-27.462389385212518 -110.71958947841608 4
-28.398468148725236 -110.13128108841946 4
-29.31609746777604 -109.50967272446563 4
-30.201956073781723 -108.92261618780772 4
-31.04983104168428 -108.36969836578483 4
-32.01412593319252 -107.74835985093297 4
-32.93614303690838 -107.1517608562144 4
-33.8679585670933 -106.56523398398315 4
-34.866550055176226 -105.92353739072409 4
-35.793905669551656 -105.35568485247137 4
-36.70233833441511 -104.79341733226407 4
-37.672692911621965 -104.19600072730941 4
-38.54028462215615 -103.6740530341582 4
-39.45461008390068 -103.099110270003 4
-40.38297260085875 -102.50886891013688 4
-41.27868617369808 -101.88495037140792 4
-42.1498797042817 -101.27712359609197 4
-43.10291821584704 -100.62612025737359 4
-44.07853830017815 -99.91077617288508 4
-44.88890866445947 -99.2415822018726 4
-45.76197118724547 -98.48252358672853 4
-46.52511575640983 -97.6747022535205 4
-47.28861294208136 -96.8811085336799 4
-48.02971983890736 -96.06938960235395 4
-48.84442857975576 -95.30749572578755 4
-49.602215215717955 -94.5181984054287 4
-50.328964170671604 -93.78266126270215 4
-51.189753449423286 -93.09630097163306 4
-51.83931575138817 -92.27047701926547 4
-52.52728342905843 -91.39441652855268 4
-52.97030252427243 -90.46939800417825 4
-53.588869820964874 -89.58673416509534 4
-54.09216969628188 -88.60165517365775 4
-54.63082007698664 -87.7417671791009 4
-55.23155084890597 -86.85952821296824 4
-56.037134237249404 -86.20113505599298 4
-56.59970825952357 -85.34400783153323 4
-57.09956441852823 -84.38027060166357 4
-57.658994648145125 -83.4852094699812 4
-58.2335227547811 -82.51584543932861 4
-58.88724173773572 -81.68355608636962 1
-59.44080215002436 -80.63583249842405 1
-59.90072714191128 -79.58161642239833 1
-60.394134499140165 -78.6148499551652 1
-60.89447881057477 -77.57115192150076 1
-61.33463358229105 -76.58675434704926 1
-61.65988650927678 -75.51955238382156 1
-61.79723904742103 -74.47811265759269 1
-62.11569053996468 -73.47318764791501 1
-62.480197447319355 -72.50804292163407 1
-62.831238002392155 -71.49365665036775 1
-63.13270962897982 -70.39503433624843 1
-63.33411428147264 -69.29067623897342 1
-63.630031268421305 -68.22800800475274 1
-63.78867632047148 -67.17404619160837 1
-63.88203097931528 -66.03700922164933 1
-64.04417110569881 -65.01012023869232 1
-64.3177021260054 -64.03715442309604 1
-64.415774558929 -63.009122725506494 1
-64.41799512873843 -61.97657329655382 1
-64.48342804856915 -60.92453101737982 1
-64.56340248018924 -59.78911786479123 1
-64.63708779107812 -58.76845991074594 1
-64.67381567384199 -57.74731021589537 1
-64.6068172914577 -56.675448002573866 1
-64.59292697467676 -55.617888651184316 1
-64.57653625485176 -54.4129152011923 1
-64.55656794033834 -53.395674862749566 1
-64.52048465790827 -52.371822442990215 1
-64.4719512584328 -51.26421591979233 1
-64.24028188841793 -50.15762368739155 1
-64.04895007283378 -49.11065814585554 1
-63.81055301666446 -48.00476681467546 1
-63.65492084310069 -46.89930106673202 1
-63.513578277804996 -45.82979381205497 1
-63.42684012430681 -44.801386958831465 1
-63.24367701815091 -43.68403862693403 1
-63.128404751302256 -42.65977087828535 1
-62.972841468955515 -41.6172110822593 1
-62.704634706847806 -40.588414655611686 1
-62.38152064386839 -39.62207133576632 1
-62.11962375776901 -38.57184397796309 1
-61.842337315614685 -37.461133904832856 1
-61.46816810370561 -36.42349443862695 1
-61.17905222846349 -35.354927652672224 1
-60.83263848786511 -34.253764935629974 1
-60.48313507380032 -33.263873249181486 1
-60.198879094887175 -32.273719330256554 1
-59.820945728676186 -31.282687420450205 1
-59.32401039458443 -30.294130296664367 1
-58.70077895149854 -29.399664672302467 1
-58.19486995901678 -28.465888989709622 1
-57.624640777709764 -27.587069731127336 1
-57.06412546323464 -26.631095655444327 1
-56.55349764532781 -25.734828236353557 1
-56.053165082790976 -24.7772492491988 1
-55.50397550502888 -23.80914601836614 1
-55.03576346141808 -22.871080498598477 1
-54.50767113953626 -21.994855314055382 1
-53.95141254245652 -21.117487566393272 1
-53.34174505265985 -20.17790856138342 1
-52.64893514778303 -19.398774090044476 1
-52.10768293153523 -18.552780753934517 1
-51.48170629682223 -17.70134593505479 1
-50.79371976162966 -16.932046852742353 1
-50.143706004930365 -16.065923292241383 1
-49.425832919416855 -15.228013678351964 1
-48.751716510840055 -14.372652419392178 1
-47.98141633771458 -13.676043699128877 1
-47.25553244191101 -12.839006857988908 1
-46.47420234962992 -12.029183437564745 1
-45.710601199393764 -11.279339793421519 1
-44.982543715347376 -10.576943944083963 1
-44.2379725254378 -9.82747219116274 1
-43.50007548887546 -9.030256584884935 1
-42.7400587706868 -8.329536284907261 1
-41.90115783964568 -7.672735010329826 1
-41.063755869748654 -7.034142686713903 1
-40.09050109392947 -6.454487046096494 1
-39.203933423812835 -5.82757667048622 1
-38.37524779262961 -5.180261868599292 1
-37.489030223548085 -4.587750600119464 1
-36.561550210622755 -3.908287495386821 1
-35.72265603032296 -3.359600146107432 1
-34.78848606962325 -2.706804421281103 1
-33.880121091278596 -2.2239594521956385 1
-32.83838200745007 -1.860224410196284 1
-31.81073003701104 -1.402453207885611 1
-30.849706205074817 -0.9811121390579669 1
-29.82355544551631 -0.5984333667686302 1
-28.85663993680024 -0.2521753722591792 1
-27.871769324760827 0.017613416508587776 1
-26.917579768177497 0.3245098718975275 1
-25.9031887405979 0.6322860763409792 1
-24.83104299252144 0.9539952360454679 1
-23.860146589099102 1.238893435247322 1
-22.752664106863296 1.4868156616215724 1
-21.6574789691181 1.6991629947396145 1
-20.625523971694157 2.016620889800322 1
-19.57582851912679 2.2600343795801887 1
-18.439793707229274 2.4185343473076926 1
-17.35143951762938 2.530187863386026 1
-16.268935413932805 2.5902354674418557 1
-15.27354469120421 2.707896238659092 1
-14.217548620003011 2.91709173161762 1
-13.14324881961155 3.056467892251164 1
-12.124740763854465 3.0467260013659994 1
-11.000295216668194 3.0186668172516917 1
-9.8952661727003 3.145157973801099 1
-8.87576801949718 3.1921337910143723 1
-7.840019844263548 3.374374336969154 1
-6.772764802688137 3.430362780822646 1
-5.703285574073855 3.450094080424519 1
-4.694258183212895 3.50429330088317 1
-3.693315391000901 3.5890631101294894 1
