-2.290393635679914 0.0987384057337392 1
-1.2111183741632667 0.2703027781808286 1
-0.2089642137897223 0.5186458720300495 1
0.7705561409795885 0.7266621389485299 1
1.8494147927388953 0.987209572786326 1
2.8613232033979847 1.1307039338674663 1
3.9875740438035243 1.1946461454002264 1
5.054260319642545 1.2960634319781417 1
6.1742593751085595 1.4466309642799344 1
7.23884061740359 1.5650020152402515 1
8.326362591799175 1.6711926391093597 1
9.396357914672759 1.7903061679026853 1
10.492725968794591 1.9107859164660876 1
11.492839170890502 1.9916412884138723 1
12.641393631896161 2.108848092006729 1
13.741516300542653 2.2043938076993435 1
14.862046194377445 2.308244295024914 1
16.0081277582233 2.421858817370173 1
17.102379333346562 2.515445757059727 1
18.206368158489905 2.5963329633729906 1
19.302587246126684 2.6910585801844378 1
20.438845241768735 2.790333223084649 1
21.449742378998344 2.8625619953924324 1
22.572079935597536 2.9654711748042053 1
23.680816950739903 3.065183418844534 1
24.70311108364305 3.1282384422864222 1
25.870370105905412 3.216610417124552 1
26.893100570284076 3.2834578178679017 1
27.950545544146724 3.342700431060123 1
28.97027144761334 3.6425970407048576 1
29.988489091915024 3.711260300859441 1
31.014026580645062 3.8235783478034238 1
32.04095125908536 3.8713086728114434 1
33.17443151404134 3.9489076545672166 1
34.211545172289085 3.805932559550984 1
35.26879961145663 3.9029687000718334 1
36.3391224609027 4.006460434031741 1
37.35625576795357 4.1081290740441965 1
38.41882433933655 4.220713649187771 1
39.52868161629992 4.303248703769517 1
40.56209659921798 4.411226008542129 1
41.569749268302914 4.516347443549136 1
42.57957127275218 4.633377635292887 1
43.609436671802975 4.736867453404384 1
44.65274422748996 4.825263163428948 1
45.72386536778053 4.88424053298052 1
46.85558920935751 4.950679219301122 1
47.98679824666731 5.043401666211313 1
49.11428953409738 5.108724911282882 1
50.19074584740736 5.189467154028177 1
51.32877550539335 5.260013937140148 1
52.39756885044451 5.32181328366719 1
53.4742479554577 5.422663175254134 1
54.518046454712064 5.505099044918734 1
55.6014766635634 5.464888906524892 1
56.66854525991107 5.559152084194983 1
57.72391307058092 5.619462897266643 1
58.78816588632614 5.705039587026015 1
59.85328567567431 5.81845672659431 1
60.864787318455676 5.90041067521203 1
61.90817212483499 5.959502815433666 1
62.9976177127123 6.027441524945724 1
64.09531107113618 6.103670356806142 1
65.20643709837911 6.155500505783433 1
66.25043689477977 6.199339224877681 1
67.36114213084336 6.289411849346998 1
68.36259488069234 6.245113981212055 1
69.49153270465605 6.339500830358496 1
70.53461249996889 6.383049229940028 1
71.55506169523728 6.462321630570396 1
72.64203438578404 6.6133294121224235 1
73.67449173043858 6.730994877377561 1
74.69396053396072 6.783588854318305 1
75.79810685423321 6.831468318741171 1
76.88528443130636 6.91829897021861 1
78.03136559368554 6.919686960203344 1
79.11775083425621 7.01244964970421 1
80.22663366565101 7.064273032110667 1
81.36753907575768 7.115882971922096 1
82.46890123947136 7.170132597143271 1
83.5330457637295 7.201690168614278 1
84.6464274981579 7.278380983828846 2
85.74086597735071 7.318431560519441 2
86.81964629298325 7.378450070344821 2
87.93312350576872 7.395492946591763 2
89.1183034981934 7.552225004838046 2
90.17310233079561 7.579882375866251 2
91.27644553570497 7.646567414318695 2
92.36174323895885 7.695140734907971 2
93.51840594928422 7.796763936230108 2
94.68414988875303 7.914374566384635 2
95.81005768026526 7.950802462045423 2
96.86848513283198 8.04055546232907 2
97.90718146708915 8.09456074343771 2
98.95513291698472 8.135390904758237 2
100.07471599099243 8.244082862446854 2
101.10566793766024 8.268029750740702 2
102.18554624207754 8.440609827601392 2
103.19843853114638 8.687463947128768 2
104.29647210792422 9.002731402791108 2
105.27679536630528 9.407353624579239 2
106.2242701441309 9.900269926306855 2
