1.0359356280047 0.06921564900855742 4
2.0606197849617747 0.13397614657236362 4
3.1026459054686244 0.10609074824471534 4
4.153646234283272 0.12658585408306483 4
5.255995837615058 0.12384423870925819 4
6.326919757163224 0.1149254185502623 4
7.433045682910514 0.12633862031409007 4
8.541952504983467 0.10787003692882313 4
9.580896918551835 0.11108854870087986 4
10.658382910610236 0.09278422376306696 4
11.72468100819868 0.10762505694248886 4
12.741155440190367 0.13636088040969035 4
14.069690890645585 0.16740986500977148 4
15.07229456110805 0.204305628003005 4
16.18045064651736 0.2821734691380125 4
17.1984038328178 0.3373833620273431 4
18.3136842692968 0.39380401900674866 4
19.451927577535205 0.4375560618423239 4
20.50065151323244 0.46046452816571987 4
21.618893709590992 0.5828996677732018 4
22.681111754143753 0.6088395793754039 4
23.713125317883737 0.6183006261773809 4
24.751785511333424 0.7732612628121309 4
25.827044299328083 0.7711751391130237 4
26.861602819050734 0.7689466786243992 4
27.88587308263203 0.6718352593653357 3
28.913556603070305 0.6829753056704764 3
29.9472211572911 0.6980212106272379 3
30.993323733862912 0.6571983449581094 3
32.02164866707046 0.6468449408801044 3
33.0994999574421 0.6499212469448539 3
34.12587642332458 0.6485415004544521 3
35.13945093794974 0.6439912106812324 3
36.1866737546841 0.672184630348241 3
37.25103315112334 0.7383429274234805 3
38.261450534765004 0.7866485901507558 3
39.30191093648626 0.8552135751080706 3
40.39011503924922 0.9356923578165404 3
41.453790502152614 0.996105393428712 3
42.585555929098156 1.0420749612643054 3
43.66713650268143 1.0865893853755155 3
44.78797023491847 1.1367510735716069 3
45.92545008376633 1.1921133341200807 3
46.98068283539354 1.219137909295656 3
48.068370196753854 1.2602807827511189 3
49.08791967223897 1.3046280597671926 3
50.19170500800409 1.33961659094881 3
51.278691300703436 1.343344036476593 3
52.31498831805188 1.3528232817516468 3
53.49672447417518 1.372209656784545 3
54.602868276699546 1.4154356203766647 3
55.61267219331358 1.4436822815584813 3
56.618875044925744 1.4688694353274876 3
57.669079396335654 1.448983954813388 3
58.76688801739006 1.4235055897370341 3
59.80738126666638 1.4220443289772178 3
60.84195805798709 1.3762652196243839 3
61.91199332900229 1.3370433753742619 3
63.02295451663097 1.2826394941977215 3
64.13083871726775 1.2192336186809682 3
65.17640519040042 1.2131738130613627 3
66.22319157607423 1.23145625463313 3
67.27549889651532 1.2606900922411193 3
68.35328604827781 1.2743940392211741 3
69.37758101475053 1.296846508568566 3
70.39891331061023 1.3002557427240076 3
71.41656000469642 1.348855582957254 3
72.49933524137518 1.3376211638491784 3
73.50308010395008 1.3645959269447128 3
74.6094277799324 1.3583087700873324 3
75.75863559053994 1.3819811215813989 3
76.77795564449777 1.408233854005199 3
77.80986927071497 1.4468284865062382 3
78.86780918222289 1.5717040436392433 3
79.85661511504088 1.8402385532372503 3
80.85069630814225 2.210828635010199 3
81.84538994676828 2.6500119868034298 3
82.81605623711 3.1873359827326673 3
83.67604771309078 3.70385820790822 3
84.46783159197969 4.421646638877418 3
85.25455810960561 5.208470233359899 3
85.92577911581925 6.060871748235985 3
86.50012459019851 6.881589061261951 3
87.08284385908827 7.846993332551848 3
87.53414078621694 8.845194835790762 3
88.01331372929243 9.860853694900655 3
88.42257452495024 10.893919574025142 3
88.727671449054 12.020198009110617 3
88.91788001776335 13.093621295087505 3
89.05007294302045 14.093433594785274 3
89.10395465819921 15.143019264477275 3
89.07203354144868 16.21994506475984 3
89.04066297062171 17.302357572602595 3
89.0300051198453 18.348032828313016 3
89.03180285444971 19.431485207076726 3
89.03801858060388 20.451470423516035 3
89.032992211928 21.50141295471951 3
89.04228794700325 22.623363726609735 3
89.04594874955976 23.70052901738353 3
89.03571711978795 24.74287703637117 3
89.03867885120391 25.885217736947364 3
89.03545942187658 26.92238461575589 3
89.00150905358798 28.108103356897658 3
88.96500547642135 29.120200975436685 3
88.93461809255834 30.123029450590693 3
88.92018162724301 31.180087728233744 3
88.91356637701423 32.291874369135854 3
88.88427056357233 33.337943342029604 3
88.85215475334398 34.40168994886503 3
88.84159579467595 35.48314505845051 2
88.80781445715483 36.50689796746175 2
88.78614208425574 37.58888651335402 2
88.74295902563023 38.829122608798954 2
88.71778040134228 39.91152548946902 2
88.72010204210355 40.937175583755916 2
88.68681260415457 42.058911452909875 2
88.71028233217163 43.068333386898644 2
88.72143272721453 44.17281288886217 2
88.74013272365134 45.27574561004282 2
88.7614621953717 46.287048048251776 2
88.77914198154328 47.42212991646164 2
88.78418552085769 48.44011569129109 2
88.80776381850599 49.50808778727289 2
88.79964797883396 50.618189545178865 2
88.78471716945299 51.69016590011547 2
88.77758203622145 52.80659533355221 2
88.7532434761599 53.81010307376406 2
88.72713885713395 54.82958699833764 2
88.69008818206856 55.85361776554421 2
88.62674011690767 56.877664105485984 2
88.54235544848333 57.88689149686614 2
88.45165056047357 58.91985171983318 2
88.38039490598689 59.93987560769626 2
88.20571897714204 60.9422119977604 2
87.96028824456324 61.9835745655536 2
87.58210933653791 62.998616754964615 2
87.16529607138699 63.9325372117715 2
86.52553251739506 64.7726888012266 2
85.84789611136748 65.5683216992316 2
85.11101410720897 66.26069202067076 2
84.3002171984499 66.86991389235935 2
83.45418604951305 67.44157797094543 2
82.64284456273703 68.07794911887942 2
81.78943207513977 68.70993013507108 2
80.9546122254006 69.26340012630733 2
80.01547445961987 69.80562898170925 2
79.0834659734985 70.28761788935506 2
78.04840792522373 70.6266298395901 2
76.97468794966132 70.90988298879186 2
75.89569164478438 71.10308025589799 2
74.88825509352648 71.04115733292804 2
73.83373829907487 71.12023418785455 2
72.78288211037764 71.17736106225358 2
71.72468402052644 71.19827643271356 2
70.66261937899033 71.18201426644617 2
69.57925887406593 71.18485313030702 2
68.45793276345788 71.16012927126776 2
67.41594668478275 71.14020535697045 2
66.36466656252026 71.09979411439788 2
65.32873132890343 71.06349484586103 2
64.2620205531729 71.00403054821496 2
63.20610421568962 70.97527965920912 2
62.14922739359221 70.93115658733245 2
61.097848877558334 70.90480489586828 2
60.032624235608225 70.87897543542388 2
58.97819437915848 70.85721383550094 2
57.893469375670925 70.86465386984226 2
56.81214349359483 70.87464774310314 2
55.7241086786225 70.86659135041086 2
54.65802333663655 70.87916999749955 2
53.53557116697742 70.88766970380065 2
52.53468431633583 70.91516413102477 2
51.48593915709172 70.8730604924704 2
50.40811545353728 70.85641943705122 2
49.31506644466227 70.81316608076983 2
48.304984530031845 70.7795044727375 2
47.297869086546164 70.75083279870366 2
46.278945669136014 70.72865237000892 2
45.250302018092405 70.7182474668901 2
44.115314626266674 70.69279751858737 2
43.11283430602797 70.69781398194516 2
42.02915553277548 70.68882846322592 2
40.912169149061306 70.67992254508701 2
39.88195783535043 70.69866865547385 2
38.82571131080303 70.70463965369898 2
37.77662408032621 70.66902729462063 2
36.75090200865304 70.63890963423351 2
35.726736247581776 70.63952191383693 2
34.68594241663565 70.63689757715503 2
33.6746455930765 70.62041959564857 2
32.57219109422034 70.62599803596088 2
31.530546199626134 70.62532131834422 2
30.51334905962731 70.64566756001024 2
29.44545138534813 70.65198314053718 2
28.38536214761809 70.67052747345693 2
27.37870871907871 70.6708036526659 1
26.352540127343055 70.6514344697579 1
25.22268304352509 70.6451016867995 1
24.197404028728414 70.62125182609367 1
23.06988611469646 70.59423561878306 1
21.999966307172933 70.58310094114788 1
20.901075765210077 70.56746727197094 1
19.801797623231852 70.54888495788904 1
18.70054719928306 70.54171906461663 1
17.631523190868094 70.5130116660236 1
16.544183457684937 70.50908371062751 1
15.538573254140168 70.5136068397024 1
14.361685066786437 70.51048748173257 1
13.234972140990909 70.51908373366409 1
12.234389099713928 70.52218042132309 1
11.181308903284613 70.50553280872275 1
10.138081939565843 70.49400925044289 1
9.096468727169757 70.47541568093358 1
7.955225594753578 70.44168308953687 1
6.931620324438484 70.38782414186703 1
5.791151755656332 70.33484829767046 1
4.786072733255816 70.3069732349707 1
3.6845755563734572 70.26829837157932 1
2.675659048542756 70.24926583391385 1
1.575938822026784 70.25323959825016 1
0.5379665539467748 70.24120250333107 1
-0.4655498111041563 70.19000271166547 1
-1.572436094963821 70.17760085294321 1
-2.5889187709567385 70.16717400110662 1
-3.686223693869736 70.1696622115317 1
-4.809626100554013 70.14213728805764 1
-5.843128714216807 70.125239762483 1
-6.965232649681649 70.09832476097264 1
-7.980784140175397 70.07775962614058 1
-9.067321074334066 70.07014701330026 1
-10.09502384348538 70.06541629535769 1
-11.116451976937297 70.06401062606588 1
-12.193161492758199 70.06311126898956 1
-13.299343576659028 70.07377731891464 1
-14.314831960578942 70.08224091488916 1
-15.341146393771249 70.09832820424492 1
-16.37802909425298 70.10097717547339 1
-17.42720357007169 70.10699859823917 1
-18.433817546271005 70.11403566567809 1
-19.51534176221227 70.11982476159687 1
-20.655708145714094 70.13751563753017 1
-21.69885905662083 70.12891542477905 1
-22.712052134658045 70.12207413897832 1
-23.767552900359394 70.04349108103429 1
-24.84131944790931 69.92639169128236 1
-25.913724123129995 69.82548947467482 1
-26.947744441159116 69.69335142693393 1
-27.99050481446242 69.59128418071197 1
-28.97848595423513 69.38102740896626 1
-30.014252510825862 69.07601914991572 1
-31.066566686799202 68.6004784067899 1
-32.02081859339923 68.05450764414712 1
-32.858589686479185 67.44778428618068 1
-33.71516021060389 66.74498453266555 1
-34.543216139169516 66.06778499827412 1
-35.368811255312636 65.25454613819643 1
-36.024159443471184 64.48326345597098 1
-36.6852019230453 63.570239036939896 1
-37.18305542775461 62.63848702440384 1
-37.61867676569347 61.733219404015436 1
-37.98015533914111 60.7562283630809 1
-38.24748848856721 59.7364051006776 1
-38.52429525352109 58.75589636757953 1
-38.678116243199256 57.721281458880284 1
-38.78352678594268 56.674770648565044 1
-38.82171413299036 55.60086499863278 1
-38.76342229155662 54.59104213896347 1
-38.75073560584343 53.48417033272955 1
-38.7128089059915 52.364849592126085 1
-38.665185163519276 51.34474887524841 1
-38.66261697337015 50.3387821180412 1
-38.632203403106104 49.28942343395741 1
-38.621685320056734 48.22367502111847 1
-38.60318216646874 47.15222898335223 1
-38.59710240182303 46.11638979631034 1
-38.558139060319945 45.11386783337999 1
-38.538434515655524 44.05870401111955 1
-38.5281259061306 42.925828421096874 1
-38.51045928188355 41.917397264846215 1
-38.507999218884656 40.89829625147403 1
-38.49751671942442 39.889074445292465 1
-38.47295955988747 38.82079384926346 1
-38.48804426066895 37.6621597470502 1
-38.48217603944592 36.63983688875664 1
-38.47008966409511 35.60505441905152 1
-38.46924633828304 34.49196780496307 4
-38.536019047193165 33.35407966349333 4
-38.60494827243409 32.3083819396668 4
-38.65984089191498 31.217401012598366 4
-38.71679943232542 30.185269363428105 4
-38.76829862767325 29.118296332403094 4
-38.789111337307546 27.94068000287775 4
-38.810222367598705 26.89489773295301 4
-38.82705542431711 25.892596424664966 4
-38.82674947085742 24.75389499461419 4
-38.80811759625933 23.61884821482385 4
-38.79444259566442 22.50024181000996 4
-38.76648988483242 21.356276067928825 4
-38.7266769528366 20.27368639756109 4
-38.674264200872614 19.08603150398574 4
-38.58754292074043 17.800554853793788 4
-38.51478996401892 16.73833682551045 4
-38.41633977420785 15.573110858116292 4
-38.32660260468616 14.533713727218876 4
-38.225416293548065 13.335685187428496 4
-38.099759138674386 12.318348370260786 4
-37.93708678506646 11.169250325274197 4
-37.70197165524426 10.190453292478763 4
-37.37270364767589 9.073019099635271 4
-36.82540877395773 8.065634489486925 4
-36.34305587330399 7.060259139997804 4
-35.79739917936175 6.036815235638031 4
-35.12652917936409 5.085799089211578 4
-34.43261228509347 4.197088849002779 4
-33.59588186553325 3.451795976689004 4
-32.74535818222179 2.716340578098324 4
-31.893768535055504 2.0680055143375546 4
-30.958049546080204 1.5768466804369317 4
-29.927976809343214 1.1614499673380851 4
-28.880623831347606 0.8189746583289126 4
