13.832302109009055 0.2661528830040768 4
36.40281984487455 70.49619898784279 2
24.928089223432444 0.5740634293322263 4
1.5872454592966523 0.23952177229295962 4
86.09608253890671 5.225685090171715 3
9.03145317884257 0.2077395133270485 4
75.38188243864884 1.5007850834704537 3
13.420278890467996 0.15079371577139294 4
-37.76001161936197 58.22384226333334 1
34.21606086180792 70.45340085265371 2
84.5543063748137 3.8175000186935364 3
-37.55905019400378 16.38429261473222 4
47.1469391073728 70.65987869475036 2
89.89365733729534 27.749430695698166 3
52.0178071871596 1.3706169115158002 3
88.91457970103312 9.830385478382963 3
8.628291367308943 0.26005306479402124 4
89.63783158276287 37.18200806885967 3
81.04005829639115 69.75533162305707 2
48.6580765711946 1.2462617883380238 3
-37.63697463712212 35.79027993154845 4
36.91213714885832 0.6277363700738647 3
-16.526504240978205 69.53241180127128 1
-37.7302131609665 31.585805166627555 4
64.95492779006811 71.0625252175131 2
49.79700966098964 1.300643392052533 3
-37.69245807270667 32.64202669907786 4
-37.88590094136783 24.006907399768732 4
21.355350445342886 70.26693695093705 1
6.324960513320831 69.9252991350841 1
16.219173297450112 0.30566954799018176 4
4.0811292608635 69.84939043044153 1
44.97020328816686 70.6117626573255 2
3.075510006310623 0.14874391218192226 4
89.74877189149318 33.052149138723124 3
41.71232141475557 70.54715841849026 2
60.510714820685074 1.511040255065807 3
-21.980599861606983 -0.42920370772443817 4
82.68985559809607 2.731113882313475 3
1.012448833517452 0.055776294720476065 4
54.45241102099123 70.86589021231204 2
89.9805416269829 14.013034627952871 3
-9.014063045232955 69.56759476599079 1
-29.316802969944256 68.44941608139398 1
86.76963695408995 6.059605837387058 3
-8.29723352568535 0.0531882039961834 4
89.24072580830101 58.503872453002444 2
-0.7085007887744443 0.21022740434593817 4
-37.51695935146783 59.19803062152483 1
87.50530297076972 64.57256597168092 2
46.111683774121175 70.64712611739294 2
-38.155054321292624 55.100484171208066 1
-27.307826781296797 68.93616727272635 1
23.90191100501633 0.5662899865118568 4
-11.20490480631287 69.53756072029461 1
16.498845340332984 0.16113218827673748 4
42.842848247464715 70.55321475752494 2
33.12644941988812 70.46204455163772 2
80.11710331405857 70.25100561352703 2
58.76230361285034 70.86998075462076 2
-30.4230959491244 1.1896079352416 4
55.5627385035362 70.8540844762622 2
89.48583600138922 43.661169657279125 2
-36.4764011488454 8.685932173161037 4
-37.93643848494 49.88350839183693 1
-7.1606793672833176 0.09611891537507522 4
-37.873643605558286 47.73235736181205 1
89.52511499128606 40.34000414745804 2
88.0595498912175 63.65478906668093 2
63.70850093604235 1.4042911089661623 3
-4.960931047009913 0.1413150883673367 4
-6.795820861803886 69.59730757041481 1
89.52557842036116 46.82778382914838 2
-9.347420621354125 0.025163687844607707 4
18.849888991427818 0.24806948975594145 4
-25.18567375650067 -0.24709923961108127 4
-10.099468077248648 69.56710680337765 1
89.13390910966369 59.50597651969134 2
43.9230603816854 70.60740972279129 2
89.84283520158203 12.915344642122154 3
38.45276337703213 70.53728590953456 2
57.40012598351178 1.4912818235826184 3
55.28398944426234 1.4512010538483742 3
89.37445194946334 56.47465416616215 2
72.17764372311333 1.4660886725935378 3
60.82106189526359 70.89658821848484 2
39.09970199281434 0.7524118510444084 3
73.7193151549654 71.26621780495577 2
-37.75647408567508 43.46294713783014 1
-36.75814477633254 9.789317502622712 4
